SECUCODE,SECURITY_CODE,SECURITY_NAME_ABBR,ORG_CODE,ORG_TYPE,REPORT_DATE,REPORT_TYPE,REPORT_DATE_NAME,SECURITY_TYPE_CODE,NOTICE_DATE,UPDATE_DATE,CURRENCY,TOTAL_OPERATE_INCOME,TOTAL_OPERATE_INCOME_YOY,OPERATE_INCOME,OPERATE_INCOME_YOY,INTEREST_INCOME,INTEREST_INCOME_YOY,EARNED_PREMIUM,EARNED_PREMIUM_YOY,FEE_COMMISSION_INCOME,FEE_COMMISSION_INCOME_YOY,OTHER_BUSINESS_INCOME,OTHER_BUSINESS_INCOME_YOY,TOI_OTHER,TOI_OTHER_YOY,TOTAL_OPERATE_COST,TOTAL_OPERATE_COST_YOY,OPERATE_COST,OPERATE_COST_YOY,INTEREST_EXPENSE,INTEREST_EXPENSE_YOY,FEE_COMMISSION_EXPENSE,FEE_COMMISSION_EXPENSE_YOY,RESEARCH_EXPENSE,RESEARCH_EXPENSE_YOY,SURRENDER_VALUE,SURRENDER_VALUE_YOY,NET_COMPENSATE_EXPENSE,NET_COMPENSATE_EXPENSE_YOY,NET_CONTRACT_RESERVE,NET_CONTRACT_RESERVE_YOY,POLICY_BONUS_EXPENSE,POLICY_BONUS_EXPENSE_YOY,REINSURE_EXPENSE,REINSURE_EXPENSE_YOY,OTHER_BUSINESS_COST,OTHER_BUSINESS_COST_YOY,OPERATE_TAX_ADD,OPERATE_TAX_ADD_YOY,SALE_EXPENSE,SALE_EXPENSE_YOY,MANAGE_EXPENSE,MANAGE_EXPENSE_YOY,ME_RESEARCH_EXPENSE,ME_RESEARCH_EXPENSE_YOY,FINANCE_EXPENSE,FINANCE_EXPENSE_YOY,FE_INTEREST_EXPENSE,FE_INTEREST_EXPENSE_YOY,FE_INTEREST_INCOME,FE_INTEREST_INCOME_YOY,ASSET_IMPAIRMENT_LOSS,ASSET_IMPAIRMENT_LOSS_YOY,CREDIT_IMPAIRMENT_LOSS,CREDIT_IMPAIRMENT_LOSS_YOY,TOC_OTHER,TOC_OTHER_YOY,FAIRVALUE_CHANGE_INCOME,FAIRVALUE_CHANGE_INCOME_YOY,INVEST_INCOME,INVEST_INCOME_YOY,INVEST_JOINT_INCOME,INVEST_JOINT_INCOME_YOY,NET_EXPOSURE_INCOME,NET_EXPOSURE_INCOME_YOY,EXCHANGE_INCOME,EXCHANGE_INCOME_YOY,ASSET_DISPOSAL_INCOME,ASSET_DISPOSAL_INCOME_YOY,ASSET_IMPAIRMENT_INCOME,ASSET_IMPAIRMENT_INCOME_YOY,CREDIT_IMPAIRMENT_INCOME,CREDIT_IMPAIRMENT_INCOME_YOY,OTHER_INCOME,OTHER_INCOME_YOY,OPERATE_PROFIT_OTHER,OPERATE_PROFIT_OTHER_YOY,OPERATE_PROFIT_BALANCE,OPERATE_PROFIT_BALANCE_YOY,OPERATE_PROFIT,OPERATE_PROFIT_YOY,NONBUSINESS_INCOME,NONBUSINESS_INCOME_YOY,NONCURRENT_DISPOSAL_INCOME,NONCURRENT_DISPOSAL_INCOME_YOY,NONBUSINESS_EXPENSE,NONBUSINESS_EXPENSE_YOY,NONCURRENT_DISPOSAL_LOSS,NONCURRENT_DISPOSAL_LOSS_YOY,EFFECT_TP_OTHER,EFFECT_TP_OTHER_YOY,TOTAL_PROFIT_BALANCE,TOTAL_PROFIT_BALANCE_YOY,TOTAL_PROFIT,TOTAL_PROFIT_YOY,INCOME_TAX,INCOME_TAX_YOY,EFFECT_NETPROFIT_OTHER,EFFECT_NETPROFIT_OTHER_YOY,EFFECT_NETPROFIT_BALANCE,EFFECT_NETPROFIT_BALANCE_YOY,UNCONFIRM_INVEST_LOSS,UNCONFIRM_INVEST_LOSS_YOY,NETPROFIT,NETPROFIT_YOY,PRECOMBINE_PROFIT,PRECOMBINE_PROFIT_YOY,CONTINUED_NETPROFIT,CONTINUED_NETPROFIT_YOY,DISCONTINUED_NETPROFIT,DISCONTINUED_NETPROFIT_YOY,PARENT_NETPROFIT,PARENT_NETPROFIT_YOY,MINORITY_INTEREST,MINORITY_INTEREST_YOY,DEDUCT_PARENT_NETPROFIT,DEDUCT_PARENT_NETPROFIT_YOY,NETPROFIT_OTHER,NETPROFIT_OTHER_YOY,NETPROFIT_BALANCE,NETPROFIT_BALANCE_YOY,BASIC_EPS,BASIC_EPS_YOY,DILUTED_EPS,DILUTED_EPS_YOY,OTHER_COMPRE_INCOME,OTHER_COMPRE_INCOME_YOY,PARENT_OCI,PARENT_OCI_YOY,MINORITY_OCI,MINORITY_OCI_YOY,PARENT_OCI_OTHER,PARENT_OCI_OTHER_YOY,PARENT_OCI_BALANCE,PARENT_OCI_BALANCE_YOY,UNABLE_OCI,UNABLE_OCI_YOY,CREDITRISK_FAIRVALUE_CHANGE,CREDITRISK_FAIRVALUE_CHANGE_YOY,OTHERRIGHT_FAIRVALUE_CHANGE,OTHERRIGHT_FAIRVALUE_CHANGE_YOY,SETUP_PROFIT_CHANGE,SETUP_PROFIT_CHANGE_YOY,RIGHTLAW_UNABLE_OCI,RIGHTLAW_UNABLE_OCI_YOY,UNABLE_OCI_OTHER,UNABLE_OCI_OTHER_YOY,UNABLE_OCI_BALANCE,UNABLE_OCI_BALANCE_YOY,ABLE_OCI,ABLE_OCI_YOY,RIGHTLAW_ABLE_OCI,RIGHTLAW_ABLE_OCI_YOY,AFA_FAIRVALUE_CHANGE,AFA_FAIRVALUE_CHANGE_YOY,HMI_AFA,HMI_AFA_YOY,CASHFLOW_HEDGE_VALID,CASHFLOW_HEDGE_VALID_YOY,CREDITOR_FAIRVALUE_CHANGE,CREDITOR_FAIRVALUE_CHANGE_YOY,CREDITOR_IMPAIRMENT_RESERVE,CREDITOR_IMPAIRMENT_RESERVE_YOY,FINANCE_OCI_AMT,FINANCE_OCI_AMT_YOY,CONVERT_DIFF,CONVERT_DIFF_YOY,ABLE_OCI_OTHER,ABLE_OCI_OTHER_YOY,ABLE_OCI_BALANCE,ABLE_OCI_BALANCE_YOY,OCI_OTHER,OCI_OTHER_YOY,OCI_BALANCE,OCI_BALANCE_YOY,TOTAL_COMPRE_INCOME,TOTAL_COMPRE_INCOME_YOY,PARENT_TCI,PARENT_TCI_YOY,MINORITY_TCI,MINORITY_TCI_YOY,PRECOMBINE_TCI,PRECOMBINE_TCI_YOY,EFFECT_TCI_BALANCE,EFFECT_TCI_BALANCE_YOY,TCI_OTHER,TCI_OTHER_YOY,TCI_BALANCE,TCI_BALANCE_YOY,ACF_END_INCOME,ACF_END_INCOME_YOY,OPINION_TYPE
601038.SH,601038,一拖股份,10037090,通用,2008-12-31 00:00:00,年报,2008年报,58001001,2012-01-06 00:00:00,2012-01-06 00:00:00,CNY,8251509669.0,,8211189083.0,,39722275.0,,,,598311.0,,,,,,8164819650.0,,7279594565.0,,4537629.0,,206508.0,,,,,,,,,,,,,,,,7513768.0,,326812638.0,,477733835.0,,,,39137302.0,,,,,,29283405.0,,,,,,-7467434.0,,7026757.0,,254218.0,,,,,,,,,,,,,,,,,,86249342.0,,30396579.0,,,,9385146.0,,3594187.0,,,,,,107260775.0,,10261435.0,,,,,,,,96999340.0,,,,,,,,78566641.0,,18432699.0,,63047764.0,,,,,,0.0929,,0.0929,,-53334527.0,,,,,,,,,,,,,,,,,,,,,,,,,,,,,,,,,,,,,,,,,,,,,,,,,,43664813.0,,25232114.0,,18432699.0,,,,0.0,,,,0.0,,,,标准无保留意见
601038.SH,601038,一拖股份,10037090,通用,2009-12-31 00:00:00,年报,2009年报,58001001,2012-07-16 00:00:00,2012-07-16 00:00:00,CNY,9349371228.0,13.304978156,9318617376.0,13.4868200185,29093071.0,-26.7587996911,,,1660781.0,177.5782160114,,,,,9038090264.0,10.6955285167,7985359625.0,9.6951149367,1461452.0,-67.7926071082,199950.0,-3.1756638968,,,,,,,,,,,,,,,8690617.0,15.6625677024,325537038.0,-0.3903153831,654236158.0,36.9457446948,,,10452681.0,-73.2922800861,,,,,52152743.0,78.0965806401,,,,,4707939.0,163.0462753337,46291565.0,558.7898941147,261900.0,3.0218159218,,,,,,,,,,,,,,,,,362280468.0,320.0385296852,25124856.0,-17.3431457533,,,13640985.0,45.3465401604,1314250.0,-63.4340116416,,,,,373764339.0,248.4632094072,87156133.0,749.3561865373,,,,,,,286608206.0,195.4743877639,,,,,,,252422877.0,221.2850565929,34185329.0,85.4602464891,205181000.0,225.4373937829,,,,,0.2984,221.2055974166,0.2984,221.2055974166,46943192.0,188.0165150804,,,,,,,,,,,,,,,,,,,,,,,,,,,,,,,,,,,,,,,,,,,,,,,,,333551398.0,663.8905908059,300310634.0,1090.1921257965,33240764.0,80.3358477237,,,0.0,,,,0.0,,,,标准无保留意见
601038.SH,601038,一拖股份,10037090,通用,2010-12-31 00:00:00,年报,2010年报,58001001,2012-07-16 00:00:00,2012-07-16 00:00:00,CNY,10265832386.0,9.802382809,10220804965.0,9.6815606071,40704723.0,39.9120876583,,,4322698.0,160.2810364521,,,,,9801794941.0,8.4498456498,8726675048.0,9.283431903,12067669.0,725.7314643245,294539.0,47.3063265816,,,,,,,,,,,,,,,11797941.0,35.7549297133,356256669.0,9.4366008823,645973687.0,-1.2629187334,,,27177609.0,160.006107524,,,,,21551779.0,-58.6756558519,,,,,1947305.0,-58.6378455626,154982070.0,234.7954859595,1247116.0,376.1802214586,,,,,,,,,,,,,,,,,620966820.0,71.4049955351,36782310.0,46.3980927891,,,11607349.0,-14.9082782512,4098478.0,211.8491915541,,,,,646141781.0,72.8741117274,84092609.0,-3.5149838509,,,,,,,562049172.0,96.1036565715,,,,,,,542669716.0,114.9843637191,19379456.0,-43.3106055525,408301600.0,98.9958134525,,,,,0.6415,114.9798927614,0.6415,114.9798927614,569104.0,-98.7876751117,,,,,,,,,,,,,,,,,,,,,,,,,,,,,,,,,,,,,,,,,,,,,,,,,562618276.0,68.6751365377,542341960.0,80.5936582319,20276316.0,-39.0016547153,,,0.0,,,,0.0,,,,标准无保留意见
601038.SH,601038,一拖股份,10037090,通用,2011-06-30 00:00:00,中报,2011中报,58001001,2012-08-27 00:00:00,2012-08-27 00:00:00,CNY,7164800154.05,,7138689809.67,,22902907.12,,,,3207437.26,,,,,,6859075873.3,,6253535784.68,,8178692.95,,106795.75,,,,,,,,,,,,,,,,11618129.6,,215661542.23,,343197667.01,,,,25046687.22,,,,,,1730573.86,,,,,,-996720.89,,42526019.26,,60632.41,,,,,,,,,,,,,,,,,,347253579.12,,11542644.31,,,,1563766.17,,334288.94,,,,,,357232457.26,,60110068.65,,,,,,,,297122388.61,,,,,,,,271236339.76,,25886048.85,,231713241.76,,,,,,0.3206,,0.3206,,-51143573.65,,,,,,,,,,,,,,,,,,,,,,,,,,,,,,,,,,,,,,,,,,,,,,,,,,245978814.95,,222451137.33,,23527677.62,,,,0.0,,,,0.0,,,,标准无保留意见
601038.SH,601038,一拖股份,10037090,通用,2011-09-30 00:00:00,三季报,2011三季报,58001001,2012-10-30 00:00:00,2012-10-30 00:00:00,CNY,9535346264.31,,9491677995.25,,38831603.34,,,,4836665.72,,,,,,9159939664.97,,8260376245.34,,11864717.53,,158326.34,,,,,,,,,,,,,,,,16925776.92,,290961801.76,,538299940.23,,,,37396554.69,,,,,,3956302.16,,,,,,-12580669.17,,51653040.6,,60632.41,,,,,,,,,,,,,,,,,,414478970.77,,15182312.61,,,,2598178.66,,559425.58,,,,,,427063104.72,,76718609.43,,,,,,,,350344495.29,,,,,,,,316986447.6,,33358047.69,,,,,,,,0.3747,,0.3747,,-43108661.89,,,,,,,,,,,,,,,,,,,,,,,,,,,,,,,,,,,,,,,,,,,,,,,,,,307235833.4,,273532838.62,,33702994.78,,,,,,,,,,,,
601038.SH,601038,一拖股份,10037090,通用,2011-12-31 00:00:00,年报,2011年报,58001001,2013-03-28 00:00:00,2013-03-28 00:00:00,CNY,11702673224.4,13.9963403295,11638098613.46,13.8667517217,59599990.58,46.4203320583,,,4974620.36,15.0813764922,,,,,11173214186.92,13.9915112913,10029206525.89,14.9258620348,19399002.81,60.7518635952,221562.38,-24.776555906,,,,,,,0.0,,,,,,,,25954348.86,119.9904954602,338412456.28,-5.0088080513,712775445.34,10.3412506863,,,49286187.65,81.3485051242,,,,,-2041342.29,-109.4718041142,,,0.0,,-11768646.27,-704.3555719315,61109109.67,-60.5702068181,2098886.98,68.2992584491,,,,,,,,,,,,,,,0.0,,578799500.88,-6.7905913427,23547197.37,-35.982276888,,,3117051.27,-73.1458813722,693951.97,-83.0680567274,0.0,,0.0,,599229646.98,-7.2603467845,84937157.96,1.0043081907,,,,,,,514292489.02,-8.4968869912,,,,,,,440051003.9,-18.909975824,74241485.12,283.093752064,372560631.66,-8.7535704832,,,,,0.5202,-18.9088074825,0.5202,-18.9088074825,-82767182.0,-14643.4194804465,,,,,,,,,,,,,,,,,,,,,,,,,,,,,,,,,,,,,,,,,,,,,,,,,431525307.02,-23.300517344,361882014.43,-33.2741994682,69643292.59,243.4711344507,,,,,,,,,,,标准无保留意见
601038.SH,601038,一拖股份,10037090,通用,2012-03-31 00:00:00,一季报,2012一季报,58001001,2013-04-26 00:00:00,2013-04-26 00:00:00,CNY,3529258556.67,,3507319416.73,,19995249.09,,,,1943890.85,,,,,,3363318406.83,,3030221016.47,,3615918.51,,31853.91,,,,,,,,,,,,,,,,6494946.55,,95704119.08,,192294403.38,,,,18568938.93,,,,,,16387210.0,,,,,,1519558.18,,23613992.28,,,,,,,,,,,,,,,,,,,,191073700.3,,3116733.62,,,,2098466.33,,891169.43,,,,,,192091967.59,,42455709.95,,,,,,,,149636257.64,,,,,,,,138373632.75,,11262624.89,,,,,,,,0.1636,,0.1636,,1108114.46,,,,,,,,,,,,,,,,,,,,,,,,,,,,,,,,,,,,,,,,,,,,,,,,,,150744372.1,,139230664.74,,11513707.36,,,,,,,,,,,,
601038.SH,601038,一拖股份,10037090,通用,2012-06-30 00:00:00,中报,2012中报,58001001,2012-08-27 00:00:00,2013-08-21 00:00:00,CNY,6690713277.9,-6.6168890403,6645354394.15,-6.91072772,41393004.01,80.7325323075,,,3965879.74,23.6463699371,,,,,6385417611.12,-6.9055696559,5748618567.98,-8.0741077382,15841776.55,93.6956998734,212307.08,98.7973116908,,,,,,,,,,,,,,,15959515.89,37.3673425884,178129016.69,-17.4034392743,380361615.38,10.828729896,,,31165054.47,24.4278502632,,,,,15129757.08,774.2624299202,,,,,2735892.27,374.4893076336,44862644.85,5.4945786854,-14866.36,-124.5188340691,,,,,,,,,,,,,,,0.0,,352894203.9,1.6243532448,7117227.27,-38.3397159364,,,1552173.03,-0.7413601997,922211.66,175.8726208531,,,0.0,,358459258.14,0.3434180896,55654393.37,-7.412527352,,,,,,,302804864.77,1.9125035264,,,,,,,261451847.56,-3.6073677328,41353017.21,59.7502092715,221891500.0,-4.2387485866,,,,,0.3091,-3.5870243294,0.3091,-3.5870243294,-6877534.35,86.5524955353,,,,,,,,,,,,,,,,,,,,,,,,,,,,,,,,,,,,,,,,,,,,,,,,,295927330.42,20.3060232972,254736623.15,14.5135179831,41190707.27,75.0734090091,,,0.0,,,,0.0,,,,
601038.SH,601038,一拖股份,10037090,通用,2012-09-30 00:00:00,三季报,2012三季报,58001001,2012-10-30 00:00:00,2013-10-30 00:00:00,CNY,9568434990.25,0.3470112676,9501959768.06,0.1083240794,61998471.59,59.659829256,,,4476750.6,-7.4413891891,,,,,9214437350.82,0.5949568212,8225405487.13,-0.4233555128,24943448.61,110.2321319233,281615.01,77.8699678146,,,,,,,,,,,,,,,23323031.85,37.7959307879,265313714.59,-8.8149327557,590306323.77,9.6612278125,,,49868720.71,33.3511098105,,,,,34995009.15,784.5383323806,,,,,2031314.57,116.1463157687,53514885.27,3.6045209505,-14866.36,-124.5188340691,,,,,,,,,,,,,,,0.0,,409543839.27,-1.1906832066,15347265.62,1.0864814488,,,2604892.37,0.258400629,1483387.33,165.1625851646,,,0.0,,422286212.52,-1.1185448116,74007160.87,-3.5342775112,,,,,,,348279051.65,-0.58954648,,,,,,,320602762.49,1.140842114,27676289.16,-17.0326470626,282865400.0,,,,,,0.3646,-2.6954897251,0.3646,-2.6954897251,-11588886.19,73.1170356909,,,,,,,,,,,,,,,,,,,,,,,,,,,,,,,,,,,,,,,,,,,,,,,,,336690165.46,9.586880454,309631935.59,13.1973539821,27058229.87,-19.7156512452,,,,,,,,,,,
601038.SH,601038,一拖股份,10037090,通用,2012-12-31 00:00:00,年报,2012年报,58001001,2013-03-28 00:00:00,2014-03-28 00:00:00,CNY,11508043496.34,-1.6631219579,11421299427.64,-1.8628402544,82055056.56,37.6762911562,,,4689012.14,-5.7413068602,,,,,11137851170.98,-0.3164981477,9932518782.1,-0.9640617485,10383116.65,-46.4760289398,336841.12,52.0299249358,,,,,,,0.0,,,,,,,,27787857.24,7.0643590016,327245229.8,-3.2998863584,765670801.54,7.4210407423,,,60040745.54,21.8206325195,,,,,13867796.99,779.3469697823,,,0.0,,3459554.73,129.3963693923,57091227.15,-6.5749321856,1629281.89,-22.3740055789,,,,,,,,,,,,,,,0.0,,430743107.24,-25.579910386,43940598.96,86.60649193,,,13196953.5,323.3794171759,11156907.42,1507.734814846,0.0,,0.0,,461486752.7,-22.986662121,71101362.06,-16.2894500267,,,,,,,390385390.64,-24.0927295314,,,,,,,324963768.28,-26.153158293,65421622.36,-11.8799654206,277531139.16,-25.5071213715,,,,,0.3627,-30.276816609,0.3627,-30.276816609,145102.1,100.1753135681,,,,,,,,,,,,,,,,,,,,,,,,,,,,,,,,,,,,,,,,,,,,,,,,,390530492.74,-9.49997917,325629340.23,-10.0178159606,64901152.51,-6.8091842066,,,,,,,,,,,标准无保留意见
601038.SH,601038,一拖股份,10037090,通用,2013-03-31 00:00:00,一季报,2013一季报,58001001,2013-04-26 00:00:00,2014-04-29 00:00:00,CNY,3108105947.26,-11.9331752731,3092260657.34,-11.8340735495,15404231.26,-22.9605433237,,,441058.66,-77.3105233764,,,,,2998876219.67,-10.8357920089,2639931385.96,-12.8799063959,8243080.53,127.9664352834,49854.57,56.5100485309,,,,,,,,,,,,,,,7491478.16,15.343184156,91513099.9,-4.3791419014,213677489.65,11.1199732775,,,14098622.05,-24.0741643712,,,,,23871208.85,45.6697561696,,,,,442580.06,-70.8744248279,4835018.76,-79.5247719967,-53348.7,,,,,,,,,,,,,,,,0.0,,114507326.41,-40.0716444858,3722240.19,19.4276009382,,,987802.25,-52.927419617,371704.03,-58.2903073774,,,0.0,,117241764.35,-38.9658163114,8959117.29,-78.8977329538,,,,,,,108282647.06,-27.6360898302,,,,,,,107795981.02,-22.0978889708,486666.04,-95.6789288043,107006693.25,,,,,,0.1082,-33.8630806846,0.1082,-33.8630806846,3554127.15,220.7364652565,,,,,,,,,,,,,,,,,,,,,,,,,,,,,,,,,,,,,,,,,,,,,,,,,111836774.21,-25.8103154021,111672951.37,-19.7928476614,163822.84,-98.5771495238,,,,,,,,,,,
601038.SH,601038,一拖股份,10037090,通用,2013-06-30 00:00:00,中报,2013中报,58001001,2013-08-21 00:00:00,2014-08-27 00:00:00,CNY,6634407140.41,-0.8415565748,6600932498.09,-0.6684654185,32629216.51,-21.1721466214,,,845425.81,-78.6825152192,,,,,6415384010.02,0.469294269,5641146666.89,-1.8695256925,16731985.73,5.619377203,119756.02,-43.5930163045,,,,,,,,,,,,,,,17685234.64,10.8131021135,210927908.89,18.4129979548,452937790.68,19.0808358061,,,34379337.83,10.3137421534,,,,,41455329.34,173.998644663,,,,,-348857.45,-112.7511398685,29087127.95,-35.1640367008,526899.94,3644.2431099476,,,,,,,,,,,,,,,0.0,,247761400.89,-29.7915924513,10320765.58,45.0110441675,,,2201127.88,41.8094398921,1057583.55,14.6790477579,,,0.0,,255881038.59,-28.6164235462,52517334.73,-5.6366774482,,,,,,,203363703.86,-32.8400143061,,,,,,,186233940.65,-28.7693155019,17129763.21,-58.5767511884,172122101.31,-22.429610278,,,,,0.187,-39.5017793594,0.187,-39.5017793594,-16786538.05,-144.0778510979,,,,,,,,,,,,,,,,,,,,,,,,,,,,,,,,,,,,,,,,,,,,,,,,,186577165.81,-36.9516950174,171084244.05,-32.8387720876,15492921.76,-62.3873373709,,,,,,,,,,,
601038.SH,601038,一拖股份,10037090,通用,2013-09-30 00:00:00,三季报,2013三季报,58001001,2013-10-30 00:00:00,2014-10-29 00:00:00,CNY,9255594779.42,-3.2695023914,9200481901.87,-3.1727967025,53604173.51,-13.5395242249,,,1508704.04,-66.2991268712,,,,,8984887053.05,-2.4912025448,7784933248.28,-5.3550215797,19380922.53,-22.3005494027,166503.4,-40.8755236449,,,,,,,,,,,,,,,24270315.47,4.0615800986,281961029.39,6.2745775603,703337183.82,19.147831473,,,83278818.46,66.9960995075,,,,,87559031.7,150.2043400666,,,,,440253.62,-78.3266645894,40622469.61,-24.0912702979,-114649.35,-671.1998767688,,,,,,,,,,,,,,,0.0,,311770449.6,-23.8737298171,17746009.51,15.6297802449,,,2766575.62,6.2069071207,1462326.23,-1.4197977544,,,0.0,,326749883.49,-22.6235965555,64267890.0,-13.1599033871,,,,,,,262481993.49,-24.6345732692,,,,,,,253545765.84,-20.9159135527,8936227.65,-67.7116119204,226538200.0,-19.9130752648,,,,,0.2546,-30.1700493692,0.2546,-30.1700493692,-10953165.73,5.4856044798,,,,,,,,,,,,,,,,,,,,,,,,,,,,,,,,,,,,,,,,,,,,,,,,,251528827.76,-25.2936813832,243896745.93,-21.2301064923,7632081.83,-71.7938613624,,,,,,,,,,,
601038.SH,601038,一拖股份,10037090,通用,2013-12-31 00:00:00,年报,2013年报,58001001,2014-03-28 00:00:00,2015-03-31 00:00:00,CNY,11057843491.06,-3.9120464345,10985440654.79,-3.816192506,70716708.55,-13.8179759851,,,1686127.72,-64.0408753559,,,,,10867008869.1,-2.431728506,9244069520.1,-6.9312656447,14375399.37,38.4497531384,222557.94,-33.9279183017,,,,,,,,,,,,,,,29296422.85,5.4288662741,374371900.53,14.4010260314,924121591.05,20.6943753362,,,127836040.62,112.9154784309,,,,,152715436.64,1001.2234801975,,,,,676257.27,-80.4524766111,38986561.99,-31.711816445,903575.37,-44.5414955174,,,,,,,,,,,,,,,0.0,,230497441.22,-46.4884202798,114905778.06,161.5025301876,1514381.87,,6304825.38,-52.2251451443,4407074.65,-60.4991375827,,,0.0,,339098393.9,-26.5204489802,72229037.79,1.5860114312,,,,,,,266869356.11,-31.6395125154,,,,,,,227084951.73,-30.1199167735,39784404.38,-39.187682994,152798652.61,-44.9436005371,,,,,0.228,-37.1381306865,0.228,-37.1381306865,15597967.42,10649.6496742638,16402201.94,,-804234.52,,,,,,,,,,,,,,,,,,,,16402201.94,,,,4960623.83,,,,,,,,,,,,11441578.11,,,,,,,,,,282467323.53,-27.6708659679,243487153.67,-25.2256711579,38980169.86,-39.9391715671,,,,,,,,,,,标准无保留意见
601038.SH,601038,一拖股份,10037090,通用,2014-03-31 00:00:00,一季报,2014一季报,58001001,2014-04-29 00:00:00,2015-04-30 00:00:00,CNY,3103725179.5,-0.140946539,3084465996.11,-0.2520699932,18958186.78,23.0712942439,,,300996.61,-31.755878005,,,,,3011239853.61,0.4122755671,2539315412.41,-3.8113101759,8405129.72,1.9658814373,110089.0,120.8202778602,,,,,,,,,,,,,,,8671951.9,15.7575543142,150046155.64,63.9613954767,244056372.05,14.2171655282,,,24512589.96,73.8651470553,,,,,36122152.93,51.3210041309,,,,,2445426.38,452.5387610097,8191447.91,69.4191546425,-19112.88,64.1736724606,,,,,,,,,,,,,,,0.0,,103122200.18,-9.9427054905,5867124.9,57.6234901703,139203.16,,931983.14,-5.6508385155,561555.79,51.076056399,,,0.0,,108057341.94,-7.8337463283,13375303.17,49.29264499,,,,,,,94682038.77,-12.5602842739,,,,,,,99066916.54,-8.0977643113,-4384877.77,-1001.0034417031,91003961.04,-14.9548890111,,,,,0.0995,-8.0406654344,0.0995,-8.0406654344,3225701.62,-9.2406803735,3274351.88,,-48650.26,,,,,,,,,,,,,,,,,,,,3274351.88,,,,-1421587.86,,,,,,,,,,,,4695939.74,,,,,,,,,,97907740.39,-12.4547886135,102341268.42,-8.3562607019,-4433528.03,-2806.2942078162,,,,,,,,,,,
601038.SH,601038,一拖股份,10037090,通用,2014-06-30 00:00:00,中报,2014中报,58001001,2014-08-27 00:00:00,2015-08-26 00:00:00,CNY,5473576132.43,-17.4971325005,5436300755.86,-17.6434426888,36662112.29,12.3597689781,,,613264.28,-27.4608992597,,,,,5393756905.35,-15.924644621,4519630339.39,-19.8809992671,16936701.4,1.2234989517,234244.63,95.6015488825,,,,,,,,,,,,,,,15152038.13,-14.3237936141,245331903.15,16.3107833577,480576358.48,6.102067076,,,49367255.29,43.5957130242,,,,,66528064.88,60.4813324105,,,,,2910247.35,934.2225026297,38439475.05,32.1528722811,211174.89,-59.9212537394,,,,,,,,,,,,,,,0.0,,121168949.48,-51.0945009817,15374715.41,48.9687493706,1086659.78,,1501254.29,-31.7961348979,1081107.0,2.2242639837,,,0.0,,135042410.6,-47.2245339693,23864964.6,-54.5579288768,,,,,,,111177446.0,-45.3307331201,,,,,,,112427795.03,-39.630877896,-1250349.03,-107.2992779566,103758937.98,-39.7178298485,,,,,0.1129,-39.6256684492,0.1129,-39.6256684492,1989296.29,111.8505452648,2173683.84,,-184387.55,,,,,,,,,,,,,,,,,,,,2173683.84,,,,-350515.58,,,,,,,,,,,,2524199.42,,,,,,,,,,113166742.29,-39.3458777237,114601478.87,-33.0145920179,-1434736.58,-109.2605939811,,,,,,,,,,,
601038.SH,601038,一拖股份,10037090,通用,2014-09-30 00:00:00,三季报,2014三季报,58001001,2014-10-29 00:00:00,2015-10-24 00:00:00,CNY,7885153112.33,-14.806629933,7825689033.01,-14.9426180446,58402568.54,8.9515325315,,,1061510.78,-29.6408870225,,,,,7792451453.2,-13.2715702803,6506595563.74,-16.420663399,23181080.66,19.6077257113,322491.05,93.6843632022,,,,,,,,,,,,,,,22680775.28,-6.5493182071,345621036.46,22.5775906719,724624865.11,3.0266679737,,,81233987.06,-2.4554039524,,,,,88191653.84,0.722509292,,,,,5350068.46,1115.224183733,52577805.69,29.4303526959,-107819.84,5.9568676142,,,,,,,,,,,,,,,0.0,,150629533.28,-51.6857567889,20940495.03,18.0011484734,2958481.32,,2785595.18,0.6874765997,3184389.74,117.7619244373,,,0.0,,168784433.13,-48.3444549919,36456902.16,-43.2735349488,,,,,,,132327530.97,-49.5860538049,,,,,,,132258025.01,-47.8366264284,69505.96,-99.2222002088,117630517.11,-48.0747542313,,,,,0.1328,-47.8397486253,0.1328,-47.8397486253,-4559333.49,58.37428555,-4026914.76,,-532418.73,,,,,,,,,,,,,,,,,,,,-4026914.76,,,,3960481.47,,,,,,,,,,,,-7987396.23,,,,,,,,,,127768197.48,-49.203358272,128231110.25,-47.4240175854,-462912.77,-106.0653538616,,,,,,,,,,,
601038.SH,601038,一拖股份,10037090,通用,2014-12-31 00:00:00,年报,2014年报,58001001,2015-03-31 00:00:00,2016-03-30 00:00:00,CNY,9026978821.14,-18.3658293913,8929316050.68,-18.7168149983,97253173.58,37.5250284892,,,409596.88,-75.707837838,,,,,9138543652.57,-15.9056207403,7457744855.37,-19.3240072551,29170550.21,102.9199291039,455137.26,104.5028184571,,,,,,,,,,,,,,,27702955.77,-5.4391182437,393300666.51,5.0561396176,973938133.86,5.3906913649,,,89732342.21,-29.8066947515,,,,,166499011.38,9.0256591234,,,,,8113671.48,1099.790647722,108929271.92,179.4020974405,238416.56,-73.6140926462,,,,,,,,,,,,,,,0.0,,5478111.97,-97.6233523717,211836734.97,84.3569040187,162319571.87,10618.5363933339,5420715.28,-14.0227531567,1742962.6,-60.4508038002,,,0.0,,211894131.66,-37.5124932846,47668186.23,-34.0041239805,,,,,,,164225945.43,-38.462044566,,,,,,,167698247.35,-26.1517568327,-3472301.92,-108.7277966683,-21999386.97,-114.3976315198,,,,,0.1684,-26.1403508772,0.1684,-26.1403508772,18801873.15,20.5405335434,19286318.99,17.5837187016,-484445.84,39.7631128791,,,,,,,,,,,,,,,,,,,19286318.99,17.5837187016,,,34160499.37,588.6331344741,,,,,,,,,,,-14874180.38,-230.0011260422,,,,,,,,,183027818.58,-35.2038967578,186984566.34,-23.2055722359,-3956747.76,-110.1506683378,,,,,,,,,,,标准无保留意见
601038.SH,601038,一拖股份,10037090,通用,2015-03-31 00:00:00,一季报,2015一季报,58001001,2015-04-30 00:00:00,2016-04-29 00:00:00,CNY,3067134061.92,-1.1789419315,2987316063.13,-3.1496516124,79724452.03,320.5278329366,,,93546.76,-68.9209921667,,,,,2984213506.66,-0.8975155837,2478718952.18,-2.3863305808,68439320.93,714.2565696178,81036.85,-26.3896937932,,,,,,,,,,,,,,,6390328.58,-26.3103779439,149253129.5,-0.528521465,213358594.5,-12.5781504052,,,23847550.23,-2.7130537046,,,,,44124593.89,22.1538316819,,,,,283115.57,-88.4226500411,18494259.45,125.7752189014,-1571450.71,-8121.9461954452,,,,,,,,,,,,,,,0.0,,101697930.28,-1.3811477039,6571869.27,12.0117499118,247043.37,77.4696565796,456134.3,-51.057666129,18312.12,-96.739038164,,,0.0,,107813665.25,-0.2255068333,16159317.51,20.8145886835,,,,,,,91654347.74,-3.1977459182,,,,,,,90710627.94,-8.4349941351,943719.8,121.5221461008,74684541.0,-17.9326480447,,,,,0.0911,-8.4422110553,0.0911,-8.4422110553,-6840368.04,-312.0583006682,-6630122.69,-302.486566288,-210245.35,-332.1566832325,,,,,,,,,,,,,,,,,,,-6630122.69,-302.486566288,,,-3878942.69,-172.8598631955,,,,,,,,,,,-2751180.0,-158.5863565617,,,,,,,,,84813979.7,-13.3735705041,84080505.25,-17.8430104023,733474.45,116.5438099193,,,,,,,,,,,
601038.SH,601038,一拖股份,10037090,通用,2015-06-30 00:00:00,中报,2015中报,58001001,2015-08-26 00:00:00,2016-08-26 00:00:00,CNY,5708191514.51,4.2863271909,5553784520.17,2.1610975843,154161050.67,320.4914584587,,,245943.67,-59.8959733967,,,,,5569548287.35,3.2591639758,4531530237.71,0.2632936198,124120897.3,632.8516596508,255445.09,9.050563934,,,,,,,,,,,,,,,14638261.89,-3.390806145,288812474.52,17.7231623004,427437981.51,-11.0572182822,,,42207637.61,-14.5027663336,,,,,140545351.72,111.2572370375,,,,,4991993.93,71.5316029753,51984548.53,35.2374049395,2033301.43,862.8518949388,,,,,,,,,,,,,,,0.0,,195619769.62,61.4438108604,11745539.36,-23.6048339967,599056.39,-44.8717619787,2323130.94,54.7459984278,1508949.56,39.5744880017,,,0.0,,205042178.04,51.8353953613,50291121.31,110.7320172182,,,,,,,154751056.73,39.1928509763,,,,,,,148644010.04,32.2128660447,6107046.69,588.4273545604,133246720.67,28.419510901,,,,,0.1493,32.2409211692,0.1493,32.2409211692,13875813.65,597.5237283532,13780623.96,533.975544484,95189.69,151.6247924548,,,,,,,,,,,,,,,,,,,13780623.96,533.975544484,,,13370052.83,3914.3961617912,,,,,,,,,,,410571.13,-83.7346000975,,,,,,,,,168626870.38,49.0074442082,162424634.0,41.7299633491,6202236.38,532.2909491859,,,,,,,,,,,
601038.SH,601038,一拖股份,10037090,通用,2015-09-30 00:00:00,三季报,2015三季报,58001001,2015-10-24 00:00:00,2016-10-28 00:00:00,CNY,8362715027.04,6.0564697718,8114949985.35,3.6963001101,247459041.94,323.7126005349,,,305999.75,-71.1731848828,,,,,8147366390.1,4.5545992687,6606703795.15,1.5385654515,185495624.27,700.2026609143,353057.97,9.478377772,,,,,,,,,,,,,,,27632045.42,21.8302508573,381930547.47,10.5055847821,688400266.04,-4.9990830862,,,131676821.07,62.0957259832,,,,,125174232.71,41.9343296783,,,,,1315951.87,-75.4030835336,68738503.13,30.7367286023,3466762.8,3315.3292010079,,,,,,,,,,,,,,,0.0,,285403091.94,89.4735286801,20450397.29,-2.3404305357,787632.15,-73.3771464205,4946016.46,77.5569004251,3133935.91,-1.5844112725,,,0.0,,300907472.77,78.2791618811,76675335.46,110.317747579,,,,,,,224232137.31,69.4523699387,,,,,,,213513143.91,61.4368155685,10718993.4,15321.6895932378,196630506.6,67.1594339895,,,,,0.2144,61.4457831325,0.2144,61.4457831325,-10197218.41,-123.6559012927,-7544711.73,-87.357125235,-2652506.68,-398.1993552331,,,,,,,,,,,,,,,,,,,-7544711.73,-87.357125235,,,-10799879.49,-372.6910748556,,,,,,,,,,,3255167.76,140.7538034457,,,,,,,,,214034918.9,67.5181485858,205968432.18,60.6228252867,8066486.72,1842.5500532206,,,,,,,,,,,
601038.SH,601038,一拖股份,10037090,通用,2015-12-31 00:00:00,年报,2015年报,58001001,2016-03-30 00:00:00,2017-03-29 00:00:00,CNY,9655491061.08,6.9625979233,9299840739.37,4.1495304521,355264578.4,265.2986995923,,,385743.31,-5.8236698483,,,,,9580721409.54,4.8386020112,7617420810.89,2.1410756015,243810083.69,735.8089989212,452274.93,-0.6288937979,,,,,,,,,,,,,,,33623299.94,21.3708032426,446334564.36,13.4843142577,933468993.96,-4.1552064236,,,147304923.93,64.1603465396,,,,,158306457.84,-4.9204817927,,,,,3009536.29,-62.907836515,95364775.28,-12.4525725738,2498121.25,947.7968686403,,,,,,,,,,,,,,,0.0,,173143963.11,3060.6503127025,59808311.35,-71.7667894766,908287.65,-99.4404324509,11274661.44,107.992134942,4412254.29,153.1468139362,,,0.0,,221677613.02,4.6171554084,82623352.12,73.330178164,,,,,,,139054260.9,-15.3274712251,,,,,,,135322811.53,-19.3057687433,3731449.37,207.4632752557,59060936.02,368.4662809038,,,,,0.1359,-19.2992874109,0.1359,-19.2992874109,-7172820.86,-138.1495013969,-6561478.76,-134.0214157165,-611342.1,-26.1941066518,,,,,,,,,,,,,,,,,,,-6561478.76,-134.0214157165,,,-17442385.1,-151.0600998864,,,,,,,,,,,10880906.34,173.152980951,,,,,,,,,131881440.04,-27.9445927602,128761332.77,-31.1379889312,3120107.27,178.8553493741,0.0,,,,0.0,,,,,,标准无保留意见
601038.SH,601038,一拖股份,10037090,通用,2016-03-31 00:00:00,一季报,2016一季报,58001001,2016-04-29 00:00:00,2017-04-27 00:00:00,CNY,3075083039.58,0.2591662933,3015738131.3,0.9514248767,59301052.78,-25.6174846361,,,43855.5,-53.1191673554,,,,,2979985229.22,-0.1416881678,2498036228.22,0.7793249825,30050100.41,-56.0923457427,111431.86,37.5076400428,,,,,,,,,,,,,,,5017514.65,-21.4826814117,146767035.44,-1.6656897368,215957201.91,1.2179530035,,,28380770.86,19.0091669219,,,,,55664945.87,26.1540129044,,,,,-1545270.29,-645.8090100802,19137220.75,3.4765452585,5314334.74,438.1801736562,,,,,,,,,,,,,,,0.0,,112689760.82,10.8083129221,5460131.49,-16.9166143501,129092.43,-47.7450335947,364560.4,-20.0760828554,180488.15,885.621271595,,,0.0,,117785331.91,9.2489821553,25015031.27,54.8025234019,,,,,,,92770300.64,1.2175667904,,,,,,,92485373.84,1.9564916927,284926.8,-69.8081146544,87685334.38,17.4076096685,,,,,0.0929,1.9758507135,0.0929,1.9758507135,-8881681.79,-29.8421625571,-8723032.28,-31.5666796507,-158649.51,24.5407758126,,,,,,,,,,,,,,,,,,,-8723032.28,-31.5666796507,,,-7053021.06,-81.828442018,,,,,,,,,,,-1670011.22,39.2983657921,,,,,,,,,83888618.85,-1.0910475529,83762341.56,-0.3784036371,126277.29,-82.7836825127,,,,,,,,,,,
601038.SH,601038,一拖股份,10037090,通用,2016-06-30 00:00:00,中报,2016中报,58001001,2016-08-26 00:00:00,2017-08-25 00:00:00,CNY,5158780013.03,-9.6249661576,5041260182.13,-9.2283799665,117300250.87,-23.910578995,,,219580.03,-10.7193813933,,,,,4975939902.34,-10.6581064457,4109134374.24,-9.3212632668,52559932.21,-57.6542440851,202887.4,-20.5749462634,,,,,,,,,,,,,,,12105432.02,-17.3028047253,266328954.7,-7.7848160324,422892390.25,-1.0634504786,,,40452792.56,-4.1576481162,,,,,72263138.96,-48.5837574309,,,,,-442878.26,-108.8717708036,28612715.99,-44.959191146,8360417.05,311.1745030347,,,,,,,,,,,,,,,0.0,,211009948.42,7.8673943998,14200819.99,20.9039411026,329167.53,-45.0523297147,755594.73,-67.4751553178,527730.14,-65.0266547014,,,0.0,,224455173.68,9.4678060024,58757262.37,16.8342658495,,,,,,,165697911.31,7.0738480314,,,,,,,158349583.86,6.5294079576,7348327.45,20.3253851331,142647691.79,7.0553114349,,,,,0.159,6.4969859344,0.159,6.4969859344,-4792708.4,-134.5400170461,-4830940.82,-135.0560383479,38232.42,-59.835545215,,,,,,,,,,,,,,,,,,,-4830940.82,-135.0560383479,,,-6464362.91,-148.3495689373,,,,,,,,,,,1633422.09,297.8414385834,,,,,,,,,160905202.91,-4.5791441498,153518643.04,-5.4831528572,7386559.87,19.095104047,,,,,,,,,,,
601038.SH,601038,一拖股份,10037090,通用,2016-09-30 00:00:00,三季报,2016三季报,58001001,2016-10-28 00:00:00,2017-10-27 00:00:00,CNY,7481161424.23,-10.5414760632,7330098773.07,-9.6716703578,150742984.74,-39.0836626707,,,319666.42,4.466235675,,,,,7227932406.71,-11.2850452449,5997857945.1,-9.2155766162,58531858.7,-68.445693029,272698.47,-22.760993046,,,,,,,,,,,,,,,17280931.33,-37.460542398,368233081.84,-3.5863760364,664161113.66,-3.5210841099,,,52554389.78,-60.088351653,,,,,69040387.83,-44.844568778,,,,,-2391984.94,-281.7684213633,57727569.21,-16.0185826264,10171808.41,193.4094138197,,,,,,,,,,,,,,,0.0,,308564601.79,8.115367529,29135784.74,42.470507183,481702.52,-38.8416889788,10229278.2,106.818523204,9928828.91,216.8165908664,,,0.0,,327471108.33,8.8278417666,65005528.76,-15.2197660825,,,,,,,262465579.57,17.0508307679,,,,,,,251825837.71,17.943950943,10639741.86,-0.7393561787,230186673.68,17.0655955987,,,,,0.253,18.0037313433,0.253,18.0037313433,-6137995.77,39.8071559987,-6370329.3,15.5656368597,232333.53,108.7590177153,,,,,,,,,,,,,,,,,,,-6370329.3,15.5656368597,,,-6493730.91,39.8721910183,,,,,,,,,,,123401.61,-96.20905529,,,,,,,,,256327583.8,19.7597032846,245455508.41,19.1714214708,10872075.39,34.7808007053,,,,,,,,,,,
601038.SH,601038,一拖股份,10037090,通用,2016-12-31 00:00:00,年报,2016年报,58001001,2017-03-29 00:00:00,2018-03-30 00:00:00,CNY,8871153114.15,-8.1232320756,8687502227.41,-6.5843978313,183205912.89,-48.4311344196,,,444973.85,15.3549104973,,,,,8717909468.82,-9.0057095269,7088783071.84,-6.9398521123,55437794.9,-77.261894151,356453.59,-21.1865247539,,,,,,,0.0,,,,,,,,44525763.68,32.4253233902,441566712.01,-1.0682238685,913876338.9,-2.0989079645,,,86073671.32,-41.5676889654,,,,,87289662.58,-44.8603273859,,,0.0,,15243438.25,406.5045502409,74235860.45,-22.1558901261,8712098.59,248.7460262387,,,,,-9165962.45,,,,,,0.0,,,,0.0,,233556981.58,34.8917844924,50755515.92,-15.1363501588,1008437.99,11.0262800557,4217069.23,-62.5969324894,10174400.44,130.59415372,0.0,,0.0,,280095428.27,26.3526002712,54210189.22,-34.3887801341,,,,,,,225885239.05,62.4439535962,,,232239265.95,,-6354026.9,,223369729.35,65.0643574609,2515509.7,-32.5862566909,161857993.74,174.0525373407,,,,,0.2245,65.1949963208,0.2245,65.1949963208,-11524350.45,-60.666921354,-12420012.68,-89.2867924181,895662.23,246.5075331799,,,,,,,,,,,,,,,,,,,-12420012.68,-89.2867924181,,,-15369818.14,11.882359827,,,,,,,,,,,2949805.46,-72.8900758096,,,,,,,,,214360888.6,62.5406035413,210949716.67,63.8300195656,3411171.93,9.3286747798,,,,,,,,,,,标准无保留意见
601038.SH,601038,一拖股份,10037090,通用,2017-03-31 00:00:00,一季报,2017一季报,58001001,2017-04-27 00:00:00,2018-04-26 00:00:00,CNY,2689735654.09,-12.5312838883,2661668231.55,-11.7407375685,27904284.95,-52.9447056302,,,163137.59,271.9888953495,,,,,2623387562.52,-11.9664239676,2226956041.45,-10.8517316005,2047654.88,-93.1858634345,37795.04,-66.0823753637,,,,,,,0.0,,,,,,,,11887087.55,136.9118653196,131150379.88,-10.6404381019,202731730.56,-6.124116831,,,23202744.79,-18.2448394215,,,,,25374128.37,-54.416324361,,,0.0,,7257798.9,569.6782787431,9598838.45,-49.8420456377,3146440.61,-40.7933304179,,,,,-400771.7,,,,,,0.0,,,,0.0,,82803957.22,-26.5204250879,8367278.63,53.2431708893,154681.33,19.8221537855,458602.82,25.7961149922,555453.03,207.7504146394,0.0,,0.0,,90712633.03,-22.9847795485,23460026.29,-6.2162823752,,,,,,,67252606.74,-27.5063179961,,,67252606.74,,,,64037860.01,-30.7589326278,3214746.73,1028.2710962956,52318365.25,-40.3339616369,,,,,0.0647,-30.3552206674,0.0647,-30.3552206674,3290160.67,137.0443430399,3225343.09,136.9750218327,64817.58,140.855833718,,,,,,,,,,,,,,,,,,,3225343.09,136.9750218327,,,2306513.43,132.7024889105,,,,,,,,,,,918829.66,155.0193704687,,,,,,,,,70542767.41,-15.9090131927,67263203.1,-19.6975611626,3279564.31,2497.1133130906,,,,,,,,,,,
601038.SH,601038,一拖股份,10037090,通用,2017-06-30 00:00:00,中报,2017中报,58001001,2017-08-25 00:00:00,2018-08-30 00:00:00,CNY,4264741651.34,-17.3304222981,4203320225.06,-16.6216367892,61175720.09,-47.8468974821,,,245706.19,11.898240473,,,,,4269925008.79,-14.1885735641,3573686562.1,-13.0306717516,6034067.26,-88.5196441352,92186.59,-54.5626835378,,,,,,,0.0,,,,,,,,25615839.29,111.6061553828,206587590.03,-22.4314193465,419869185.88,-0.7148873897,,,18527873.08,-54.1987786071,,,,,19511704.56,-72.9990907663,,,0.0,,-7613860.79,-1619.1769110545,30522732.87,6.6754127104,1862338.14,-77.7243392421,,,,,-391959.48,,,,,,20126291.58,,,,0.0,,37459846.73,-82.2473551553,28494429.34,100.6534084656,524668.71,59.3926077703,911009.57,20.5685447277,916628.19,73.6925978872,0.0,,0.0,,65043266.5,-71.0217120712,30325382.12,-48.3887082263,,,,,,,34717884.38,-79.0474821888,,,34717884.38,,,,32265644.86,-79.6237892936,2452239.52,-66.6286030844,991043.46,-99.3052509665,,,,,0.0326,-79.4968553459,0.0326,-79.4968553459,4356757.06,190.903862626,3856638.79,179.8320437715,500118.27,1208.0999580984,,,,,,,,,,,,,,,,,,,3856638.79,179.8320437715,,,1817712.65,128.1189759193,,,,,,,,,,,2038926.14,24.8254295373,,,,,,,,,39074641.44,-75.7157377553,36122283.65,-76.4704253928,2952357.79,-60.0306794779,,,,,,,,,,,
601038.SH,601038,一拖股份,10037090,通用,2017-09-30 00:00:00,三季报,2017三季报,58001001,2017-10-27 00:00:00,2018-10-27 00:00:00,CNY,6132273022.71,-18.0304677981,6035953166.83,-17.6552273892,95936783.76,-36.3573807926,,,383072.12,19.834957954,,,,,6213014918.27,-14.041601821,5139921770.74,-14.3040429135,9932789.42,-83.03011447,173993.59,-36.1956119519,282713277.12,,,,,,0.0,,,,,,,,35320537.09,104.3902404073,317080560.63,-13.8913432097,356170394.58,-46.3728924722,,,43801135.53,-16.6556100958,96295220.44,,-24004799.16,,-4700833.18,-106.8088162998,32601292.75,,0.0,,-13284186.92,-455.3624815046,147568432.26,155.6290422054,377554.31,-96.2882282601,,,,,-482502.34,,,,,,24291556.97,,,,0.0,,77351404.41,-74.9318606343,46259682.84,58.7727368691,825208.35,71.310781185,11568971.37,13.0966539751,1307710.69,-86.8291547588,0.0,,0.0,,112042115.88,-65.7856485565,40688587.15,-37.4074975988,,,,,,,71353528.73,-72.8141385827,,,71353528.73,,,,73406184.76,-70.8504157367,-2052656.03,-119.2923480382,-71349089.96,-130.9961861907,,,,,0.0743,-70.6324110672,0.0743,-70.6324110672,-8933037.35,-45.5367140144,-8956406.6,-40.5956612007,23369.25,-89.941507797,,,,,0.0,,,,,,,,,,,,,,-8956406.6,-40.5956612007,,,-10974650.6,-69.0037784458,,,,,-10974650.6,,,,,,2018244.0,1535.5086453086,,,,,,,,,62420491.38,-75.6481567631,64449778.16,-73.7427859829,-2029286.78,-118.6651279283,,,,,,,,,,,
601038.SH,601038,一拖股份,10037090,通用,2017-12-31 00:00:00,年报,2017年报,58001001,2018-03-30 00:00:00,2019-05-17 00:00:00,CNY,7357944190.89,-17.0576350536,7219310386.11,-16.9000456388,137931789.75,-24.7121517127,,,702015.03,57.7654574533,,,,,7539094836.34,-13.5217581313,6036004631.87,-14.8513282083,15819471.26,-71.4644651929,301278.51,-15.4788958641,386339439.17,,,,,,0.0,,,,,,,,45718702.31,2.6792098134,436011715.4,-1.258019787,503321348.16,-44.9245672816,,,73123501.81,-15.0454480579,143484453.52,,31993794.4,,42454747.85,-51.363372712,,,0.0,,-25447931.82,-266.9435163028,156910636.73,111.3677079768,-460927.51,-105.2906599396,,,,,2318017.87,125.2894104972,,,,,55890931.87,,,,0.0,,8521009.2,-96.3516358439,70579164.99,39.0571324331,,,23043819.45,446.4415733578,,,0.0,,0.0,,56056354.74,-79.986694147,18345015.8,-66.1594691626,,,,,,,37711338.94,-83.3050893017,-1099244.09,,40662147.32,-82.4912694442,-2950808.38,53.5600269492,56514222.97,-74.6992472371,-18802884.03,-847.4780967849,-123062354.2,-176.0310636234,,,,,0.0572,-74.5211581292,0.0572,-74.5211581292,-13936840.55,-20.933848814,-13582334.26,-9.3584572733,-354506.29,-139.5803549738,,,,,,,,,,,,,,,,,,,-13582334.26,-9.3584572733,,,-14361213.55,6.5622415361,,,,,,,,,,,778879.29,-73.5955709432,,,,,,,,,23774498.39,-88.909124913,42931888.71,-79.6482833029,-19157390.32,-661.6072925412,,,,,,,,,,,标准无保留意见
601038.SH,601038,一拖股份,10037090,通用,2018-03-31 00:00:00,一季报,2018一季报,58001001,2018-04-26 00:00:00,2019-04-30 00:00:00,CNY,2358674155.61,-12.3083284403,2322580812.33,-12.7396576027,35698170.91,27.9307854473,,,395172.37,142.2325657747,,,,,2325424209.88,-11.3579616255,1983823564.86,-10.9177043491,5888089.17,187.5528111456,56518.63,49.5398073398,81691035.32,,,,,,0.0,,,,,,,,14177501.2,19.2680809354,106612554.99,-18.7096864778,110233337.33,-45.6260068291,,,9091543.17,-60.8169496657,39128389.95,,14789480.31,,3165353.6,-87.5252715922,10684711.61,,0.0,,-24700191.92,-440.3262099202,15303129.5,59.4268887815,642627.18,-79.5760588025,,,,,444091.04,210.8089817719,,,,,7499620.87,,,,0.0,,31796595.22,-61.600150177,6147915.42,-26.5243134374,,,31003.66,-93.2395400447,,,0.0,,0.0,,37913506.98,-58.2048214084,7634197.52,-67.4587000644,,,,,,,30279309.46,-54.9767497087,,,30279309.46,-54.9767497087,,,47951154.7,-25.1206166282,-17671845.24,-649.7118972106,46922905.76,-10.3127447966,,,,,0.0486,-24.8840803709,0.0486,-24.8840803709,-4459226.77,-235.5321887669,-4187408.51,-229.8283126215,-271818.26,-519.3588529532,,,,,,,,,,,,,,,,,,,-4187408.51,-229.8283126215,,,0.0,-100.0,,,,,,,,,,,-4187408.51,-555.7328406225,,,,,,,,,25820082.69,-63.397973119,43763746.19,-34.9365713005,-17943663.5,-647.1355888734,,,,,,,,,,,
601038.SH,601038,一拖股份,10037090,通用,2018-06-30 00:00:00,中报,2018中报,58001001,2018-08-30 00:00:00,2019-08-30 00:00:00,CNY,3581389966.87,-16.0232844176,3509417965.49,-16.5084319637,70915637.16,15.9212136051,,,1056364.22,329.9298361185,,,,,3769975478.23,-11.7086255504,3133682178.21,-12.3123384282,6683589.47,10.764252071,169071.5,83.4014036098,161671225.12,,,,,,0.0,,,,,,,,24902827.84,-2.7834787763,175281716.18,-15.1538017581,220131436.27,-47.5714237498,,,47453433.64,156.1191640028,73055205.28,,19245257.88,,37729042.96,93.3662066478,,,0.0,,73040168.04,1059.3052730348,17364277.37,-43.1103451845,-1364851.82,-173.2870036158,,,,,497857.69,227.0176422318,-11323540.8,,-26405502.16,,14201314.07,-29.4389927049,,,0.0,,-121210937.15,-423.5756355963,6885617.71,-75.8352145683,,,426939.71,-53.1355406069,,,0.0,,0.0,,-114752259.15,-276.4245022196,38202470.13,25.975230844,,,,,,,-152954729.28,-540.5646600059,,,-152954729.28,-540.5646600059,,,-144979881.65,-549.3320442814,-7974847.63,-425.2067167566,-231381892.99,-23447.3003282823,,,,,-0.1471,-551.226993865,-0.1471,-551.226993865,341720.81,-92.1565328226,314097.41,-91.8556694805,27623.4,-94.4766264988,,,,,,,,,,,,,,,,,,,314097.41,-91.8556694805,,,0.0,-100.0,,,,,,,,,,,314097.41,-84.5949588934,,,,,,,,,-152613008.47,-490.5679050295,-144665784.24,-500.4890323151,-7947224.23,-369.1822873541,,,,,,,,,,,
601038.SH,601038,一拖股份,10037090,通用,2018-09-30 00:00:00,三季报,2018三季报,58001001,2018-10-27 00:00:00,2019-10-30 00:00:00,CNY,4944946166.1,-19.3619372819,4833691480.45,-19.9183402049,109071123.04,13.6906187233,,,2183562.61,470.0134507309,,,,,5401743885.99,-13.0576063787,4408934844.44,-14.2217519819,18456425.22,85.813112909,280728.92,61.3444035496,250437576.55,-11.416407782,,,,,0.0,,,,,,,,35546072.35,0.6385385914,257646376.72,-18.7441903698,353856664.49,-0.649613254,,,76585197.3,74.8475156484,110260971.3,14.5030571571,18793703.79,178.2914435765,39839036.73,947.488843031,15194280.55,-53.3936256255,0.0,,102143285.29,868.9088229873,16395110.96,-88.8898250738,-7236589.88,-2016.7017004785,,,,,1063349.26,320.3821975247,-39839036.73,,-15194280.55,,17844807.59,-26.5390538283,,,0.0,,-374384484.07,-584.0047662038,9510473.79,-79.441117608,,,928872.71,-91.9710000112,,,0.0,,0.0,,-365802882.99,-426.486946553,48592856.98,19.4262577879,,,,,,,-414395739.97,-680.764185522,,,-414395739.97,-680.764185522,,,-396965372.67,-640.7791917914,-17430367.3,-749.1616249996,-517992816.2,-625.9977898673,,,,,-0.4027,-641.9919246299,-0.4027,-641.9919246299,8404247.05,194.0805094697,7718135.1,186.1744608602,686111.95,2835.9605036533,,,,,0.0,,,,,,,,,,,,,,7718135.1,186.1744608602,,,,,,,,,0.0,100.0,,,,,7718135.1,282.4183349486,,,,,,,,,-405991492.92,-750.4138047367,-389247237.57,-703.9543481495,-16744255.35,-725.1300661408,,,,,,,,,,,
601038.SH,601038,一拖股份,10037090,通用,2018-12-31 00:00:00,年报,2018年报,58001001,2019-03-30 00:00:00,2020-04-24 00:00:00,CNY,5681547536.68,-22.7834923821,5540998393.26,-23.247538935,138092137.95,0.1162518084,,,2457005.47,249.9932857563,,,,,6866800698.2,-8.9174384025,5098425607.81,-15.5331064378,12455994.16,-21.2616278049,405617.87,34.6321946428,378394140.28,-2.0565590992,,,,,,,,,,,,,46008058.5,0.6329055187,461866175.5,5.9297627075,764198051.29,51.8310427491,,,105047052.79,43.6570325406,157621838.19,9.8529034492,36285541.94,13.414312433,172393654.35,306.0644876731,59449904.6,,,,10081083.66,139.6145499418,19158702.59,-87.7900549069,-10627595.84,-2205.6978829491,,,,,196944.39,-91.5037587696,-172393654.35,,-59449904.6,,36623032.72,-34.4741060944,,,0.0,,-1351036957.11,-15955.3632016968,41079900.33,-41.7959955522,,,4793199.24,-79.1996320298,,,,,0.0,,-1314750256.02,-2445.4080489501,50221900.25,173.7631888548,,,,,,,-1364972156.27,-3719.5271624848,,,-1364972156.27,-3456.8619618832,,,-1300108773.92,-2400.4983623506,-64863382.35,-244.965071563,-1389633309.35,-1029.2107309207,,,,,-1.3188,-2405.5944055944,-1.3188,-2405.5944055944,-509964.75,96.3408869595,-595491.68,95.6156896996,85526.93,124.1256452742,,,,,0.0,,,,,,,,,,,,,,-595491.68,95.6156896996,,,,,,,,,,,,,,,-595491.68,-176.4549382228,,,,,,,,,-1365482121.02,-5843.4739468335,-1300704265.6,-3129.6926240215,-64777855.42,-238.1350713117,,,,,,,,,,,标准无保留意见
601038.SH,601038,一拖股份,10037090,通用,2019-03-31 00:00:00,一季报,2019一季报,58001001,2019-04-30 00:00:00,2020-04-24 00:00:00,CNY,2141158384.59,-9.2219508363,2115080714.0,-8.9340313684,25263187.7,-29.2311425039,,,814482.89,106.1082585303,,,,,2142524876.61,-7.8652029377,1839766486.36,-7.2615872224,9809137.02,66.5928748154,119823.46,112.0070143243,71799584.34,-12.1083677557,,,,,,,,,,,,,12216019.08,-13.8351751295,78287325.44,-26.5683807622,106718260.73,-3.1887600295,,,23808240.18,161.8723767222,36609682.38,-6.4370335023,19587892.96,32.4447685072,-3588819.17,-213.3781442301,-1052930.95,-109.8545565705,,,-6733790.22,72.7379032446,24541305.16,60.3678852747,-1481484.87,-330.5356692196,,,,,-431699.26,-197.20963071,3588819.17,,1052930.95,,12034903.87,60.4734969756,,,0.0,,32685977.65,2.7970995757,12410866.87,101.8711387867,,,58668.12,89.2296586919,,,,,0.0,,45038176.4,18.7919029062,4394700.81,-42.4340174788,,,,,,,40643475.59,34.2285419147,,,40643475.59,34.2285419147,,,44955415.92,-6.247479959,-4311940.33,75.5999428954,7896075.22,-83.1722373282,,,,,0.0456,-6.1728395062,0.0456,-6.1728395062,-5387769.09,-20.8229446021,-5248675.79,-25.3442499691,-139093.3,48.8285665577,,,,,,,,,,,,,,,,,,,-5248675.79,-25.3442499691,,,,,,,,,,,,,,,-5248675.79,-25.3442499691,,,,,,,,,35255706.5,36.5437397056,39706740.13,-9.2702440106,-4451033.63,75.1943986801,,,,,,,,,,,
601038.SH,601038,一拖股份,10037090,通用,2019-06-30 00:00:00,中报,2019中报,58001001,2019-08-30 00:00:00,2020-09-05 00:00:00,CNY,3425973267.68,-4.3395637065,3376284242.98,-3.793612611,47885722.12,-32.4750872477,,,1803302.58,70.7084115363,,,,,3454099465.8,-8.3787285688,2906028393.82,-7.2647375019,17000296.03,154.3587709315,235533.76,39.3101498478,156530035.79,-3.1800274453,,,,,,,,,,,,,22779937.82,-8.5246945995,141344409.13,-19.3615784861,168787482.38,-23.3242260896,,,41393377.07,-12.7705333527,83118600.84,13.7750561667,38782268.47,101.5159719439,,,,,,,42484063.57,-41.834657956,38659947.9,122.6406954705,-5217213.36,-282.25492933,,,,,-50437.3,-110.130866915,-33828164.42,-198.7419307925,-16409018.88,37.8575768771,18582933.4,30.8536189567,,,0.0,,21313126.15,117.5835008384,15118851.87,119.5714677572,,,511505.42,19.8074126204,,,,,0.0,,35920472.6,131.3026278228,26103902.44,-31.6695953137,,,,,,,9816570.16,106.4179579188,,,9816570.16,106.4179579188,,,19612525.7,113.527756732,-9795955.54,-22.8356451997,-65158017.08,71.8396213991,,,,,0.0199,113.5282121006,0.0199,113.5282121006,2898768.21,748.2855375416,2973074.04,846.5452262086,-74305.83,-368.995959947,,,,,,,,,,,,,,,,,,,2973074.04,846.5452262086,,,,,,,,,,,,,,,2973074.04,846.5452262086,,,,,,,,,12715338.37,108.3317526451,22585599.74,115.6122609494,-9870261.37,-24.1975950891,,,,,,,,,,,
601038.SH,601038,一拖股份,10037090,通用,2019-09-30 00:00:00,三季报,2019三季报,58001001,2019-10-30 00:00:00,2020-10-30 00:00:00,CNY,5195752835.29,5.0719797702,5124458627.07,6.0154262595,68435911.7,-37.2557008743,,,2858296.52,30.9005982659,,,,,5184624116.78,-4.019438422,4370145738.21,-0.8797840657,25041873.27,35.6810594224,357521.02,27.3545383212,242938665.43,-2.9943234651,,,,,,,,,,,,,34657135.37,-2.5008022581,212429491.26,-17.5499791752,251555739.71,-28.9102721656,,,47497952.51,-37.9802439838,114148158.82,3.5254428418,53277184.39,183.4842188922,,,,,,,41557033.55,-59.3149628661,56169601.04,242.5997004658,-7357373.06,-1.6690621135,,,,,556602.71,-47.6557015707,-31084126.25,21.9757082465,-25308741.7,-66.5675555793,28743101.77,61.0726348549,,,0.0,,81762189.63,121.8390967332,27576559.06,189.9598870563,,,1957920.35,110.7845702561,,,,,0.0,,107380828.34,129.3548338007,32488079.51,-33.1422733111,,,,,,,74892748.83,118.0727603125,,,74892748.83,118.0727603125,,,70176827.65,117.6783247309,4715921.18,127.0557762716,-33894625.44,93.4565452686,,,,,0.0712,117.6806555749,0.0712,117.6806555749,1197213.01,-85.7546666242,1218616.24,-84.2110014374,-21403.23,-103.1194952952,,,,,,,,,,,,,,,,,,,1218616.24,-84.2110014374,,,,,,,,,,,,,,,1218616.24,-84.2110014374,,,,,,,,,76089961.84,118.741762615,71395443.89,118.3419269295,4694517.95,128.0365883813,,,,,,,,,,,
601038.SH,601038,一拖股份,10037090,通用,2019-12-31 00:00:00,年报,2019年报,58001001,2020-04-02 00:00:00,2021-03-30 00:00:00,CNY,5830175119.64,2.615970068,5736943977.67,3.536286613,89290344.59,-35.3400230342,,,3940797.38,60.390256681,,,,,5993424664.53,-12.7188201909,4808281175.55,-5.6908633092,33252713.0,166.9615333217,490425.9,20.9083564292,356609547.39,-5.7571168713,,,,,,,,,,,,,45186472.32,-1.7857440779,305526565.26,-33.8495474519,382371302.74,-49.9643708729,,,61706462.37,-41.258264053,138047235.07,-12.4187126256,60673101.96,67.2101303057,,,,,,,85687735.18,749.9853594113,242395344.85,1165.197075383,-10618250.83,0.0879315524,,,,,797468.07,304.920429569,-81901256.49,52.4917220423,-34256859.43,42.3769311986,94223622.26,157.2796823802,,,0.0,,143696509.55,110.6360161944,41497680.79,1.0169948239,,,2570351.43,-46.3750346835,,,,,0.0,,182623838.91,113.8903824566,56110713.49,11.7255882607,,,,,,,126513125.42,109.2685498996,,,126513125.42,109.2685498996,,,61475427.17,104.7284833703,65037698.25,200.2687431547,-251259263.87,81.9190240922,,,,,0.0624,104.7315741583,0.0624,104.7315741583,2282095.72,547.5006792136,2665396.05,547.5958505415,-383300.33,-548.1633211902,,,,,0.0,,,,,,,,,,,,,,2665396.05,547.5958505415,,,,,,,,,,,,,,,2665396.05,547.5958505415,,,,,,,,,128795221.14,109.4322158568,64140823.22,104.9312380159,64654397.92,199.8094140363,,,,,,,,,,,标准无保留意见
601038.SH,601038,一拖股份,10037090,通用,2020-03-31 00:00:00,一季报,2020一季报,58001001,2020-04-24 00:00:00,2021-04-29 00:00:00,CNY,2097315992.71,-2.0476015317,2076914102.11,-1.8044990736,19394641.51,-23.229634596,,,1007249.09,23.6673111697,,,,,1919556556.01,-10.4068019482,1691320287.37,-8.068752208,5288014.69,-46.0909284964,84762.53,-29.2604887223,67953853.27,-5.3562024145,,,,,,,,,,,,,11768722.76,-3.6615555122,67681775.94,-13.5469559605,69908446.61,-34.4925169022,,,5550692.84,-76.6858331484,24222300.78,-33.8363536493,5127217.66,-73.8245574934,,,,,,,-2068791.27,69.2774618393,328925344.78,1240.2927946804,-128963.18,91.2950052605,,,,,-15923.13,96.3115225169,-56462994.31,-1673.3028507536,-292042780.24,-27836.1758850379,7914802.38,-34.2346024073,,,0.0,,164009094.91,401.7720340698,1014089.48,-91.8290197565,,,1912.35,-96.7403932493,,,,,0.0,,165021272.04,266.403094509,-19466126.47,-542.9454315913,,,,,,,184487398.51,353.9163933003,,,184487398.51,353.9163933003,,,198494578.64,341.5365191888,-14007180.13,-224.8463350141,189963019.81,2305.7904024121,,,,,0.2013,341.4473684211,0.2013,341.4473684211,-5036922.56,6.5119073245,-6851620.45,-30.5399823524,1814697.89,1404.6623309678,,,,,,,,,,,,,,,,,,,-6851620.45,-30.5399823524,,,,,,,,,,,,,,,-6851620.45,-30.5399823524,,,,,,,,,179450475.95,408.9969646474,191642958.19,382.6459124133,-12192482.24,-173.9247386904,,,,,,,,,,,
601038.SH,601038,一拖股份,10037090,通用,2020-06-30 00:00:00,中报,2020中报,58001001,2020-08-28 00:00:00,2021-08-26 00:00:00,CNY,4116725509.0,20.1622192396,4074490101.51,20.6797120231,40024451.98,-16.4167309001,,,2210955.51,22.6059084327,,,,,3766196746.53,9.0355614776,3257678123.7,12.1006983493,10929064.06,-35.7125073545,228456.8,-3.0046478263,155253323.1,-0.8156343181,,,,,,,,,,,,,21475432.4,-5.7265539103,161017133.24,13.9182895391,139146303.86,-17.5612421621,,,20468909.37,-50.5502792503,46590431.12,-43.9470459691,11295005.51,-70.8758513733,,,,,,,20821149.11,-50.9906836579,347706638.26,799.3975862549,345334.11,106.619129527,,,,,920722.93,1925.4802100826,-75014691.87,-121.7521794521,-328278476.45,-1900.5978349511,16643436.56,-10.436978911,,,0.0,,333327541.01,1463.9542442721,1577199.74,-89.5679926388,,,654060.87,27.8697828852,,,,,0.0,,334250679.88,830.5297388543,12601713.3,-51.7247916132,,,,,,,321648966.58,3176.5921430546,,,321648966.58,3176.5921430546,,,323361690.16,1548.7508804641,-1712723.58,82.5160131341,290273866.74,545.4921738696,,,,,0.328,1548.2412060302,0.328,1548.2412060302,-1840169.96,-163.4811004775,-3461445.67,-216.4264873134,1621275.71,2281.8957005123,,,,,,,,,,,,,,,,,,,-3461445.67,-216.4264873134,,,,,,,,,,,,,,,-3461445.67,-216.4264873134,,,,,,,,,319808796.62,2415.1418492688,319900244.49,1316.3903025495,-91447.87,99.0735010293,,,,,,,,,,,
601038.SH,601038,一拖股份,10037090,通用,2020-09-30 00:00:00,三季报,2020三季报,58001001,2020-10-30 00:00:00,2021-10-28 00:00:00,CNY,6462897139.96,24.3880789722,6394849666.1,24.790736573,64438405.54,-5.841240455,,,3609068.32,26.2664070976,,,,,5939424304.84,14.5584360806,5107955314.31,16.8829512858,17579410.79,-29.7999370875,368040.99,2.9424759417,249572692.35,2.730741485,,,,,,,,,,,,,33786717.56,-2.5115111238,268879935.71,26.5737323548,231484729.76,-7.9787525314,,,29797463.37,-37.2657940072,58595199.5,-48.6674160094,22470520.38,-57.8233710409,,,,,,,20878640.84,-49.7590683058,350128758.13,523.3420776492,2291122.1,131.14049106,,,,,5309934.79,853.9901072347,-81963390.95,-163.6824670277,-348424951.12,-1276.6980407406,24655424.09,-14.2214215874,,,0.0,,494057250.9,504.2612766803,2760473.69,-89.9897819594,,,2206962.81,12.7197441918,,,,,0.0,,494610761.78,360.6136583468,14328502.51,-55.8961233594,,,,,,,480282259.27,541.293405267,,,480282259.27,541.293405267,,,477698750.1,580.7072449648,2583509.17,-45.2172953832,434534226.29,1382.0151296825,,,,,0.4846,580.6179775281,0.4846,580.6179775281,-8955331.66,-848.0148966975,-10397375.43,-953.2116255073,1442043.77,6837.5053671806,,,,,,,,,,,,,,,,,,,-10397375.43,-953.2116255073,,,,,,,,,,,,,,,-10397375.43,-953.2116255073,,,,,,,,,471326927.61,519.4337810303,467301374.67,554.525483993,4025552.94,-14.2499190998,,,,,,,,,,,
601038.SH,601038,一拖股份,10037090,通用,2020-12-31 00:00:00,年报,2020年报,58001001,2021-03-30 00:00:00,2022-03-30 00:00:00,CNY,7582476787.76,30.0557295821,7480729879.48,30.3957282588,96516346.86,8.0927028596,,,5230561.42,32.7285043008,,,,,7193597535.06,20.0248261671,6020041446.52,25.2015268394,25663192.22,-22.8237641241,524735.26,6.9958295433,339036171.41,-4.9279039523,,,,,,,,,,,,,43690562.82,-3.3105250824,358190492.96,17.2371026576,354222206.89,-7.3617176938,,,52228726.98,-15.3593886701,76005944.32,-44.942074152,31766071.77,-47.6438969761,,,,,,,26405594.35,-69.1839277879,349311564.11,44.108198252,1738170.81,116.3696529478,,,,,8249140.24,934.416367291,-144485940.66,-76.4148034501,-440755763.41,-1186.6204630072,105122597.68,11.5671369436,,,0.0,,292726445.01,103.7115904393,27927444.96,-32.701190938,,,13319454.1,418.195836746,,,,,0.0,,307334435.87,68.2882353719,26372185.09,-52.9997331175,,,,,,,280962250.78,122.0815032806,,,280962250.78,122.0815032806,,,280150740.3,355.7117423931,811510.48,-98.7522460022,146000785.45,158.1076228598,,,,,0.2842,355.4487179487,0.2842,355.4487179487,-11626836.86,-609.4806829575,-12762553.03,-578.8238892303,1135716.17,396.2992935592,,,,,,,,,,,,,,,,,,,-12762553.03,-578.8238892303,,,,,,,,,,,,,,,-12762553.03,-578.8238892303,,,,,,,,,269335413.92,109.1191051469,267388187.27,316.8767624838,1947226.65,-96.9882533708,,,,,,,,,,,标准无保留意见
601038.SH,601038,一拖股份,10037090,通用,2021-03-31 00:00:00,一季报,2021一季报,58001001,2021-04-29 00:00:00,2022-04-28 00:00:00,CNY,3248779081.7,54.9017455163,3222188599.04,55.1430844331,25059572.47,29.2087428225,,,1530910.19,51.9892353539,,,,,2846532932.41,48.2911729533,2619064214.23,54.8532370709,5516100.49,4.3132595761,131748.11,55.4320169537,83958853.23,23.5527482105,,,,,,,,,,,,,12624851.94,7.274614225,46836764.85,-30.7985581059,72131426.18,3.1798440357,,,6268973.38,12.9403762864,8885312.15,-63.3176376154,730673.05,-85.7491314305,,,,,,,522189.49,125.2412844917,4668815.14,-98.580585165,2530108.94,2061.8847333014,,,,,3224682.06,20351.5589585716,1119067.89,101.981949246,-31456817.94,89.2286952226,5877690.07,-25.7380059816,,,0.0,,386201776.0,135.4758290764,2309698.22,127.7607908919,,,1832951.81,95748.1350171255,,,,,0.0,,386678522.41,134.3204107142,-3330943.41,82.8885144914,,,,,,,390009465.82,111.4016832423,,,390009465.82,111.4016832423,,,388261682.45,95.6031671546,1747783.37,112.4777675005,379921893.83,99.9978175805,,,,,0.3603,78.9865871833,0.3603,78.9865871833,-1311198.94,73.9682529485,-1200367.72,82.4805280917,-110831.22,-106.1074198968,,,,,,,,,,,,,,,,,,,-1200367.72,82.4805280917,,,,,,,,,,,,,,,-1200367.72,82.4805280917,,,,,,,,,388698266.88,116.6047567287,387061314.73,101.9700167362,1636952.15,113.4259137539,,,,,,,,,,,
601038.SH,601038,一拖股份,10037090,通用,2021-06-30 00:00:00,中报,2021中报,58001001,2021-08-26 00:00:00,2023-03-22 00:00:00,CNY,5631797809.93,36.8028496828,5575101589.75,36.8294302073,53288535.72,33.1399509146,,,3407684.46,54.1272289102,,,,,5074524744.86,34.7387055532,4590934012.13,40.9265691024,10979674.37,0.4630800014,301437.15,31.9449235041,187715339.78,20.9090639941,,,,,,,,,,,,,24412615.64,13.676945755,77884334.74,-51.6297842516,159139342.52,14.3683576965,,,23157988.53,13.1373836846,14429371.78,-69.0293233329,1519298.92,-86.5489315729,,,,,,,13535606.94,-34.9910666866,560541212.06,61.2109607297,2703971.43,683.0015488479,,,,,3388682.05,268.0457974474,-568744258.25,-658.1771571303,-58024911.35,82.324484999,17263421.41,3.7251011699,,,0.0,,525232817.93,57.5725835131,6377214.92,304.3378120263,,,442973.89,-32.2732928512,,,,,0.0,,531167058.96,58.9127834088,17306689.99,37.3360080331,,,,,,,513860368.97,59.7581283825,,,513860368.97,59.7581283825,,,511381288.3,58.1452917465,2479080.67,244.7449371836,484770421.11,67.0045004583,,,,,0.4646,41.6463414634,0.4646,41.6463414634,14745201.52,901.2956324969,15280197.68,541.4397664084,-534996.16,-132.9984688416,,,,,,,,,,,,,,,,,,,15280197.68,541.4397664084,,,,,,,,,,,,,,,15280197.68,541.4397664084,,,,,,,,,528605570.49,65.2880021052,526661485.98,64.6330364078,1944084.51,2225.8937031557,,,,,,,,,,,
601038.SH,601038,一拖股份,10037090,通用,2021-09-30 00:00:00,三季报,2021三季报,58001001,2021-10-28 00:00:00,2023-03-22 00:00:00,CNY,8230081343.31,27.3435297682,8141101593.06,27.3071615149,84017593.6,30.3843459439,,,4962156.65,37.4913470743,,,,,7492511151.43,26.1487775057,6775598318.92,32.6479560214,17621368.01,0.2386725044,461898.43,25.5018985793,281602816.31,12.8339858253,,,,,,,,,,,,,33797221.16,0.0310879563,118774015.2,-55.8263747399,233162141.38,0.7246316514,,,31493372.02,5.691453091,20891517.23,-64.3460259402,1888505.08,-91.595632642,,,,,,,13212407.55,-36.7180667973,567479928.2,62.077497213,3291332.78,43.6559308646,,,,,4869787.99,-8.2891187445,-575595390.25,-602.2591227358,-80908777.95,76.7787072396,30910759.13,25.3710299899,,,0.0,,697538906.55,41.1858454216,19266812.92,597.9531444112,,,889318.94,-59.703945351,,,,,0.0,,715916400.53,44.7433933612,44709615.5,212.0327156924,,,,,,,671206785.03,39.7525667615,,,671206785.03,39.7525667615,,,669177736.32,40.083627219,2029048.71,-21.4615247524,619042105.83,42.4610694341,,,,,0.6038,24.5976062732,0.6038,24.5976062732,16467884.22,283.8891606165,16739050.55,260.9930377401,-271166.33,-118.804306474,,,,,0.0,,,,0.0,,,,,,,,,,16739050.55,260.9930377401,,,,,,,,,,,,,,,16739050.55,260.9930377401,,,,,,,,,687674669.25,45.9018420053,685916786.87,46.7825313705,1757882.38,-56.3319025684,,,,,,,,,,,
601038.SH,601038,一拖股份,10037090,通用,2021-12-31 00:00:00,年报,2021年报,58001001,2022-03-30 00:00:00,2023-03-30 00:00:00,CNY,9333808881.54,23.0970979906,9209135833.76,23.1047769686,118198056.28,22.4642872688,,,6474991.5,23.7915202609,,,,,8811858933.89,22.4958567802,7712932565.7,28.1209213295,21572879.07,-15.9384425559,695451.23,32.5337332963,415352332.37,22.5097400795,,,,,,,,,,,,,43006114.05,-1.5665826344,203809324.49,-43.1002976082,363378163.19,2.5848058427,,,51112103.79,-2.137948318,28392320.26,-62.6446056108,2450078.79,-92.2871206495,,,,,,,38351073.07,45.2384391037,639394264.83,83.0441160627,1845539.21,6.1770914218,,,,,62931.82,-99.2371105574,-587501045.67,-306.614680284,-228857326.55,48.0761579203,43498171.42,-58.6214835059,,,0.0,,426898016.57,45.8351385217,34290423.02,22.7839606133,,,896517.08,-93.2691154362,,,,,0.0,,460291922.51,49.7690687368,26948716.18,2.1861331855,,,,,,,433343206.33,54.2353839802,,,381682035.01,35.848155384,51661171.32,,438209215.31,56.4190816846,-4866008.98,-699.6236770719,335165588.96,129.564236882,,,,,0.394,38.6347642505,0.394,38.6347642505,14875597.03,227.941908957,15250311.72,219.4926413559,-374714.69,-132.9936915488,,,,,,,,,,,,,,,,,,,15250311.72,219.4926413559,,,,,,,,,,,,,,,15250311.72,219.4926413559,,,,,,,,,448218803.36,66.4165869748,453459527.03,69.5884667381,-5240723.67,-369.1378361117,,,,,,,,,,,标准无保留意见
601038.SH,601038,一拖股份,10037090,通用,2022-03-31 00:00:00,一季报,2022一季报,58001001,2022-04-28 00:00:00,2023-04-28 00:00:00,CNY,4248612150.24,30.7756558201,4212613259.83,30.7376377995,33694498.09,34.4575935217,,,2304392.32,50.5243308884,,,,,3746451588.44,31.6145527699,3521662495.65,34.4626251054,4510111.46,-18.2373223951,89024.89,-32.4279566515,87553444.6,4.2813726388,,,,,,,,,,,,,12094041.69,-4.204486932,40713372.78,-13.0739005771,73868150.12,2.4077216159,,,5960947.25,-4.9135019616,5754825.84,-35.2321478092,524882.84,-28.1644724682,,,,,,,1315484.7,151.9171153751,30109857.85,544.9143293774,3023880.26,19.5158126274,,,,,159562.86,-95.0518265978,-3372840.68,-401.397324518,-46202584.57,-46.8762182435,4922209.13,-16.2560619669,,,0.0,,489092251.09,26.6416369587,2226087.74,-3.6199742146,,,452984.66,-75.2866028704,,,,,0.0,,490865354.17,26.9440441405,3142117.67,194.3311633745,,,,,,,487723236.5,25.0542048959,,,456323482.44,17.0031813152,31399754.06,,480638615.59,23.7924413651,7084620.91,305.3489140362,450718935.19,18.6346305674,,,,,0.4277,18.7066333611,0.4277,18.7066333611,-6077647.02,-363.5182987564,-5209175.25,-333.9649561719,-868471.77,-683.5984932765,,,,,,,,,,,,,,,,,,,-5209175.25,-333.9649561719,,,,,,,,,,,,,,,-5209175.25,-333.9649561719,,,,,,,,,481645589.48,23.9124612893,475429440.34,22.8305238077,6216149.14,279.7392086262,,,,,,,,,,,
601038.SH,601038,一拖股份,10037090,通用,2022-06-30 00:00:00,中报,2022中报,58001001,2022-08-26 00:00:00,2023-03-22 00:00:00,CNY,6630331281.57,17.7302791283,6550726514.79,17.4996797697,74636601.43,40.0612728827,,,4968165.35,45.7929983928,,,,,5927839751.42,16.8156635244,5483733869.53,19.4470200408,10371808.42,-5.5362839508,273748.7,-9.18548029,186386944.21,-0.7076648992,,,,,,,,,,,,,24167147.49,-1.0054971316,66207655.04,-14.9923341311,158908787.57,-0.1448761484,,,-2210209.54,-109.5440479951,12495853.25,-13.3998801852,1431615.26,-5.7713237893,,,,,,,-86421175.31,-738.4728493749,32825671.32,-94.1439325756,4501370.69,66.472568462,,,,,648065.96,-80.8755749156,-1630983.93,99.7132306997,-74465404.3,-28.3335080873,13387620.04,-22.450945719,,,0.0,,586835323.93,11.7286094656,3781734.44,-40.6992788005,,,1742372.23,293.335198605,,,,,0.0,,588874686.14,10.8643083577,7489261.82,-56.7262034258,,,,,,,581385424.32,13.1407400585,,,581385424.32,13.1407400585,,,581466905.85,13.7051587834,-81481.53,-103.28676396,606677080.21,25.1472973167,,,,,0.5175,11.3861386139,0.5175,11.3861386139,-11173351.46,-175.7761868825,-9968439.4,-165.2376337582,-1204912.06,-125.2188240005,,,,,-633015.12,,,,-633015.12,,,,,,,,,,-9335424.28,-161.0949182432,,,,,,,,,,,,,,,-9335424.28,-161.0949182432,,,,,,,,,570212072.86,7.8709920388,571498466.45,8.5134344667,-1286393.59,-166.1696332327,,,,,,,,,,,
601038.SH,601038,一拖股份,10037090,通用,2022-09-30 00:00:00,三季报,2022三季报,58001001,2022-10-28 00:00:00,2023-03-22 00:00:00,CNY,10320425131.42,25.3988229388,10221589977.57,25.5553669332,93815682.56,11.6619490516,,,5019471.29,1.1550348778,,,,,9245609963.55,23.3980140528,8525370329.09,25.8246124963,11711821.43,-33.5362531254,387925.59,-16.0149580937,340517897.96,20.921339645,,,,,,,,,,,,,37760127.97,11.7255403669,119391600.83,0.5199669549,238283910.9,2.1966557219,,,-27813650.22,-188.3158850133,17362868.22,-16.8903434401,10644826.47,463.6641692274,,,,,,,-239522894.29,-1912.8633512368,44693590.42,-92.1241989013,9529584.15,189.5357226686,,,,,1686273.2,-65.3727594823,-7160637.61,98.7559598754,-131443947.9,-62.4594404098,19462995.02,-37.0348850439,,,0.0,,762530546.71,9.3172781546,4109785.54,-78.6690951064,,,1548968.94,74.1747387051,,,,,0.0,,765091363.31,6.8688135575,-13413996.73,-130.0024873397,,,,,,,778505360.04,15.9859193028,,,778505360.04,15.9859193028,,,795803452.32,18.9225835122,-17298092.28,-952.5222777919,925995707.02,49.5852541046,,,,,0.7082,17.2904935409,0.7082,17.2904935409,5054323.16,-69.307999179,6024383.09,-64.0100071865,-970059.93,-257.736128228,,,,,-633015.12,,,,-633015.12,,,,,,,,,,6657398.21,-60.2283403702,,,,,,,,,,,,,,,6657398.21,-60.2283403702,,,,,,,,,783559683.2,13.9433686069,801827835.41,16.8987041517,-18268152.21,-1139.21356843,,,,,,,,,,,
601038.SH,601038,一拖股份,10037090,通用,2022-12-31 00:00:00,年报,2022年报,58001001,2023-03-30 00:00:00,2023-03-30 00:00:00,CNY,12563780344.92,34.605073924,12455465114.62,35.2511825155,103241584.91,-12.6537371601,,,5073645.39,-21.6424393762,,,,,11663299445.57,32.3591257313,10497058564.32,36.0968538867,12119803.8,-43.819256759,505541.79,-27.3073699215,528782269.55,27.3093295354,,,,,,,,,,,,,49187427.97,14.3731049795,222210134.64,9.0284437162,395202295.32,8.7578548613,,,-41766591.82,-181.7156577855,21199843.59,-25.3324723169,27386455.05,1017.7785449912,,,,,,,-232279776.57,-705.6669552532,7287769.45,-98.8602072538,-33233515.23,-1900.748260992,,,,,1634977.44,2498.0139141058,-43627186.06,92.5741092069,-88215114.78,61.4541006356,42737331.02,-1.7491319179,,,0.0,,588018899.85,37.7422421811,26426150.4,-22.9343120539,,,2547188.18,184.1204296967,,,,,0.0,,611897862.07,32.9369107182,-30060272.03,-211.5462118092,,,,,,,641958134.1,48.140809576,,,558427311.9,46.3069415581,83530822.2,61.6897566697,681050957.24,55.4168496338,-39092823.14,-703.38575824,771422425.6,130.1615831129,,,,,0.6061,53.8324873096,0.6061,53.8324873096,5477415.54,-63.178516271,5856877.15,-61.5950332194,-379461.61,-1.2668091555,,,,,-745755.85,,,,-676047.48,,,,-69708.37,,,,,,6602633.0,-56.7049308812,,,,,,,,,,,,,,,6602633.0,-56.7049308812,,,,,,,,,647435549.64,44.4463161265,686907834.39,51.4816192945,-39472284.75,-653.1838584804,,,,,,,,,-3646257.54,,标准无保留意见
601038.SH,601038,一拖股份,10037090,通用,2023-03-31 00:00:00,一季报,2023一季报,58001001,2023-04-28 00:00:00,2023-04-28 00:00:00,CNY,4194351167.11,-1.2771460706,4190332138.08,-0.5289144855,4019029.03,-88.0721504761,,,,,,,,,3726461515.15,-0.5335735113,3530283215.5,0.2447911991,99218.99,-97.8000767635,33692.19,-62.1541908111,82656071.97,-5.5935807579,,,,,,,,,,,,,12412174.68,2.6304935782,34136759.64,-16.1534471132,74949282.49,1.4635974615,,,-8108900.31,-236.0337538635,3818502.27,-33.6469534237,13182541.67,2411.5207938594,,,,,,,6393995.44,386.0562376742,28232071.57,-6.2364501664,15078005.58,398.6310397092,,,,,252827.03,58.4497984055,-4805526.12,-42.4771157587,-10155529.63,78.0195637874,5501799.89,11.7750128995,,,0.0,,493309290.14,0.8622175143,1762802.18,-20.8116486909,,,28789.93,-93.6443918432,,,,,0.0,,495043302.39,0.8511393572,-1267350.69,-140.3342848074,,,,,,,496310653.08,1.7607150813,,,492424535.23,7.9112853445,3886117.85,-87.6237315663,485733620.69,1.0600490545,10577032.39,49.295671912,479388454.25,6.3608419398,,,,,0.4323,1.0755202245,0.4323,1.0755202245,203074.76,103.3413385037,-301524.43,94.2116666165,504599.19,158.1019680122,,,,,,,,,,,,,,,,,,,-301524.43,94.2116666165,,,,,,,,,,,,,,,-301524.43,94.2116666165,,,,,,,,,496513727.84,3.0869458134,485432096.26,2.1039201764,11081631.58,78.2716490615,,,,,,,,,,,
601038.SH,601038,一拖股份,10037090,通用,2023-06-30 00:00:00,中报,2023中报,058001001,2023-08-29 00:00:00,2023-08-29 00:00:00,CNY,7248544566.19,9.3240180372,7242918542.61,10.5666451844,5626023.58,-92.4621117894,,,,,,,,,6522395246.3,10.0298847441,6095270579.18,11.1518305629,99838.97,-99.0374005578,60491.28,-77.9026238298,180333815.14,-3.2476143089,,,,,,,,,,,,,25620701.13,6.0145850502,92395848.22,39.5546302979,158697813.66,-0.1327641556,,,-30083841.28,-1261.1307315233,9144097.12,-26.8229472845,29872258.61,1986.6121956537,,,,,,,26573546.12,130.7488830425,68466234.58,108.5752760776,27363498.87,507.8925899346,,,,,743241.14,14.6860328847,-4922441.13,-201.808070543,-10835156.37,85.449409062,12143087.62,-9.2961438723,,,0,,818317831.85,39.4459056026,3305858.55,-12.5835353473,,,624738.16,-64.14439181,,,,,0,,820998952.24,39.4182788908,56523543.55,654.727834445,,,,,,,764475408.69,31.4920148857,,,747064694.39,39.1115229802,17410714.3,-60.7510355044,754144938.68,29.6969666017,10330470.01,12778.2965538325,726052756.85,19.6769715775,,,,,0.6712,29.7004830918,0.6712,29.7004830918,5276332.17,147.2224666779,4069714.32,140.8259924818,1206617.85,200.1415696677,,,,,108735.35,117.1773701077,,,,,,,108735.35,,,,,,3960978.97,142.4295548997,,,,,,,,,,,,,,,3960978.97,142.4295548997,,,,,,,,,769751740.86,34.9939395354,758214653,32.6713364097,11537087.86,996.8552043236,,,,,,,,,,,
601038.SH,601038,一拖股份,10037090,通用,2023-09-30 00:00:00,三季报,2023三季报,058001001,2023-10-28 00:00:00,2023-10-28 00:00:00,CNY,10251806292.67,-0.6648838384,10246180269.09,0.240572079,5626023.58,-94.0031096865,,,,,,,,,9239404972.71,-0.0671128337,8549155954.14,0.2789981447,99838.97,-99.1475367807,60491.28,-84.4064734167,290167982.58,-14.7862757528,,,,,,,,,,,,,38182519.09,1.1186167598,151176584.89,26.622462417,252612129.0,6.0130866771,,,-42050527.24,-51.1866544211,13867775.06,-20.1296992854,45931429.25,331.490634248,,,,,,,36663032.42,115.3066923012,98510105.73,120.4121548622,38958396.87,308.8152878109,,,,,1144133.67,-32.1501598911,-2095929.16,70.7298529244,-14423992.05,89.0265072828,24819378.11,27.5208573218,,,0,,1157018048.68,51.7339933032,4246639.71,3.3299589156,,,1076149.18,-30.5248057459,,,,,0,,1160188539.21,51.6405222758,67864536.59,605.9233124623,,,,,,,1092324002.62,40.3104023027,,,1074913288.32,51.5258095751,17410714.3,-74.8081509997,1085194909.92,36.3646898938,7129092.7,141.213173017,1045929002.91,12.9518198606,,,,,0.9658,36.3739056764,0.9658,36.3739056764,4213443.99,-16.6368303605,3280802.08,-45.5412773227,932641.91,196.1427104818,,,,,30276.86,104.7829600026,,,,,,,30276.86,,,,,,3250525.22,-51.174240785,,,,,,,,,,,,,,,3250525.22,-51.174240785,,,,,,,,,1096537446.61,39.9430662552,1088475712,35.7493047673,8061734.61,144.1299947435,,,,,,,,,,,
