SECUCODE,SECURITY_CODE,SECURITY_NAME_ABBR,ORG_CODE,ORG_TYPE,REPORT_DATE,REPORT_TYPE,REPORT_DATE_NAME,SECURITY_TYPE_CODE,NOTICE_DATE,UPDATE_DATE,CURRENCY,TOTAL_OPERATE_INCOME,TOTAL_OPERATE_INCOME_YOY,OPERATE_INCOME,OPERATE_INCOME_YOY,INTEREST_INCOME,INTEREST_INCOME_YOY,EARNED_PREMIUM,EARNED_PREMIUM_YOY,FEE_COMMISSION_INCOME,FEE_COMMISSION_INCOME_YOY,OTHER_BUSINESS_INCOME,OTHER_BUSINESS_INCOME_YOY,TOI_OTHER,TOI_OTHER_YOY,TOTAL_OPERATE_COST,TOTAL_OPERATE_COST_YOY,OPERATE_COST,OPERATE_COST_YOY,INTEREST_EXPENSE,INTEREST_EXPENSE_YOY,FEE_COMMISSION_EXPENSE,FEE_COMMISSION_EXPENSE_YOY,RESEARCH_EXPENSE,RESEARCH_EXPENSE_YOY,SURRENDER_VALUE,SURRENDER_VALUE_YOY,NET_COMPENSATE_EXPENSE,NET_COMPENSATE_EXPENSE_YOY,NET_CONTRACT_RESERVE,NET_CONTRACT_RESERVE_YOY,POLICY_BONUS_EXPENSE,POLICY_BONUS_EXPENSE_YOY,REINSURE_EXPENSE,REINSURE_EXPENSE_YOY,OTHER_BUSINESS_COST,OTHER_BUSINESS_COST_YOY,OPERATE_TAX_ADD,OPERATE_TAX_ADD_YOY,SALE_EXPENSE,SALE_EXPENSE_YOY,MANAGE_EXPENSE,MANAGE_EXPENSE_YOY,ME_RESEARCH_EXPENSE,ME_RESEARCH_EXPENSE_YOY,FINANCE_EXPENSE,FINANCE_EXPENSE_YOY,FE_INTEREST_EXPENSE,FE_INTEREST_EXPENSE_YOY,FE_INTEREST_INCOME,FE_INTEREST_INCOME_YOY,ASSET_IMPAIRMENT_LOSS,ASSET_IMPAIRMENT_LOSS_YOY,CREDIT_IMPAIRMENT_LOSS,CREDIT_IMPAIRMENT_LOSS_YOY,TOC_OTHER,TOC_OTHER_YOY,FAIRVALUE_CHANGE_INCOME,FAIRVALUE_CHANGE_INCOME_YOY,INVEST_INCOME,INVEST_INCOME_YOY,INVEST_JOINT_INCOME,INVEST_JOINT_INCOME_YOY,NET_EXPOSURE_INCOME,NET_EXPOSURE_INCOME_YOY,EXCHANGE_INCOME,EXCHANGE_INCOME_YOY,ASSET_DISPOSAL_INCOME,ASSET_DISPOSAL_INCOME_YOY,ASSET_IMPAIRMENT_INCOME,ASSET_IMPAIRMENT_INCOME_YOY,CREDIT_IMPAIRMENT_INCOME,CREDIT_IMPAIRMENT_INCOME_YOY,OTHER_INCOME,OTHER_INCOME_YOY,OPERATE_PROFIT_OTHER,OPERATE_PROFIT_OTHER_YOY,OPERATE_PROFIT_BALANCE,OPERATE_PROFIT_BALANCE_YOY,OPERATE_PROFIT,OPERATE_PROFIT_YOY,NONBUSINESS_INCOME,NONBUSINESS_INCOME_YOY,NONCURRENT_DISPOSAL_INCOME,NONCURRENT_DISPOSAL_INCOME_YOY,NONBUSINESS_EXPENSE,NONBUSINESS_EXPENSE_YOY,NONCURRENT_DISPOSAL_LOSS,NONCURRENT_DISPOSAL_LOSS_YOY,EFFECT_TP_OTHER,EFFECT_TP_OTHER_YOY,TOTAL_PROFIT_BALANCE,TOTAL_PROFIT_BALANCE_YOY,TOTAL_PROFIT,TOTAL_PROFIT_YOY,INCOME_TAX,INCOME_TAX_YOY,EFFECT_NETPROFIT_OTHER,EFFECT_NETPROFIT_OTHER_YOY,EFFECT_NETPROFIT_BALANCE,EFFECT_NETPROFIT_BALANCE_YOY,UNCONFIRM_INVEST_LOSS,UNCONFIRM_INVEST_LOSS_YOY,NETPROFIT,NETPROFIT_YOY,PRECOMBINE_PROFIT,PRECOMBINE_PROFIT_YOY,CONTINUED_NETPROFIT,CONTINUED_NETPROFIT_YOY,DISCONTINUED_NETPROFIT,DISCONTINUED_NETPROFIT_YOY,PARENT_NETPROFIT,PARENT_NETPROFIT_YOY,MINORITY_INTEREST,MINORITY_INTEREST_YOY,DEDUCT_PARENT_NETPROFIT,DEDUCT_PARENT_NETPROFIT_YOY,NETPROFIT_OTHER,NETPROFIT_OTHER_YOY,NETPROFIT_BALANCE,NETPROFIT_BALANCE_YOY,BASIC_EPS,BASIC_EPS_YOY,DILUTED_EPS,DILUTED_EPS_YOY,OTHER_COMPRE_INCOME,OTHER_COMPRE_INCOME_YOY,PARENT_OCI,PARENT_OCI_YOY,MINORITY_OCI,MINORITY_OCI_YOY,PARENT_OCI_OTHER,PARENT_OCI_OTHER_YOY,PARENT_OCI_BALANCE,PARENT_OCI_BALANCE_YOY,UNABLE_OCI,UNABLE_OCI_YOY,CREDITRISK_FAIRVALUE_CHANGE,CREDITRISK_FAIRVALUE_CHANGE_YOY,OTHERRIGHT_FAIRVALUE_CHANGE,OTHERRIGHT_FAIRVALUE_CHANGE_YOY,SETUP_PROFIT_CHANGE,SETUP_PROFIT_CHANGE_YOY,RIGHTLAW_UNABLE_OCI,RIGHTLAW_UNABLE_OCI_YOY,UNABLE_OCI_OTHER,UNABLE_OCI_OTHER_YOY,UNABLE_OCI_BALANCE,UNABLE_OCI_BALANCE_YOY,ABLE_OCI,ABLE_OCI_YOY,RIGHTLAW_ABLE_OCI,RIGHTLAW_ABLE_OCI_YOY,AFA_FAIRVALUE_CHANGE,AFA_FAIRVALUE_CHANGE_YOY,HMI_AFA,HMI_AFA_YOY,CASHFLOW_HEDGE_VALID,CASHFLOW_HEDGE_VALID_YOY,CREDITOR_FAIRVALUE_CHANGE,CREDITOR_FAIRVALUE_CHANGE_YOY,CREDITOR_IMPAIRMENT_RESERVE,CREDITOR_IMPAIRMENT_RESERVE_YOY,FINANCE_OCI_AMT,FINANCE_OCI_AMT_YOY,CONVERT_DIFF,CONVERT_DIFF_YOY,ABLE_OCI_OTHER,ABLE_OCI_OTHER_YOY,ABLE_OCI_BALANCE,ABLE_OCI_BALANCE_YOY,OCI_OTHER,OCI_OTHER_YOY,OCI_BALANCE,OCI_BALANCE_YOY,TOTAL_COMPRE_INCOME,TOTAL_COMPRE_INCOME_YOY,PARENT_TCI,PARENT_TCI_YOY,MINORITY_TCI,MINORITY_TCI_YOY,PRECOMBINE_TCI,PRECOMBINE_TCI_YOY,EFFECT_TCI_BALANCE,EFFECT_TCI_BALANCE_YOY,TCI_OTHER,TCI_OTHER_YOY,TCI_BALANCE,TCI_BALANCE_YOY,ACF_END_INCOME,ACF_END_INCOME_YOY,OPINION_TYPE
601908.SH,601908,京运通,10074580,通用,2007-12-31 00:00:00,年报,2007年报,58001001,2010-11-05 00:00:00,2010-11-05 00:00:00,CNY,545258093.88,,545258093.88,,,,,,,,,,,,367520351.01,,360063159.96,,,,,,,,,,,,,,,,,,,,3026827.02,,1238403.47,,2874524.76,,,,-1033501.73,,,,,,1350937.53,,,,,,,,,,,,,,,,,,,,,,,,,,0.03,,177737742.9,,168760.0,,,,2000.0,,,,,,-0.03,,177904502.87,,9817894.0,,,,,,,,168086608.87,,,,,,,,168093312.24,,-6703.37,,,,,,,,,,,,,,,,,,,,,,,,,,,,,,,,,,,,,,,,,,,,,,,,,,,,,,,,,,,,,,,,,,,,,,,,,,,,,,标准无保留意见
601908.SH,601908,京运通,10074580,通用,2008-12-31 00:00:00,年报,2008年报,58001001,2011-08-18 00:00:00,2011-08-18 00:00:00,CNY,737947076.13,35.3390411647,737947076.13,35.3390411647,,,,,,,,,,,527388761.14,43.4991993479,466794333.51,29.6423476264,,,,,,,,,,,0.0,,,,,,,,3159150.55,4.3716911844,3171483.82,156.0945521252,17111238.5,495.2719120082,,,443626.35,142.9245870735,,,,,36708928.41,2617.2928129401,,,0.0,,,,,,,,,,,,,,,,,,,,,,0.0,-100.0,210558314.99,18.4657302127,3050716.8,1707.7250533302,,,287441.0,14272.05,,,0.0,,0.0,100.0,213321590.79,19.9079210187,7961837.06,-18.90483784,,,,,,,205359753.73,22.1749639133,,,,,,,205359753.73,22.1700917148,,,155365144.16,,,,,,0.75,,0.75,,,,,,,,,,,,,,,,,,,,,,,,,,,,,,,,,,,,,,,,,,,,,,,,,,,,205359753.73,,,,,,,,,,,,,,,,标准无保留意见
601908.SH,601908,京运通,10074580,通用,2009-12-31 00:00:00,年报,2009年报,58001001,2011-08-18 00:00:00,2011-08-18 00:00:00,CNY,475113206.75,-35.6168996235,475113206.75,-35.6168996235,,,,,,,,,,,370912593.23,-29.6699853011,310118191.37,-33.5642767901,,,,,,,,,,,0.0,,,,,,,,3763905.13,19.1429490437,3600459.26,13.5260169796,27246058.1,59.2290242463,,,9531413.47,2048.5228436048,,,,,16652565.9,-54.6361971834,,,0.0,,,,,,,,,,,,,,,,,,,,,,0.0,,104200613.52,-50.512230531,20348063.8,566.9928785261,,,7082.73,-97.5359360704,,,0.0,,0.0,,124541594.59,-41.6179140007,22794864.04,186.3015641769,,,,,,,101746730.55,-50.4543959067,,,,,,,101746730.55,-50.4543959067,,,87176091.32,-43.8895436996,,,,,0.34,-54.6666666667,0.34,-54.6666666667,,,,,,,,,,,,,,,,,,,,,,,,,,,,,,,,,,,,,,,,,,,,,,,,,,,101746730.55,-50.4543959067,,,,,,,,,,,,,,,标准无保留意见
601908.SH,601908,京运通,10074580,通用,2010-06-30 00:00:00,中报,2010中报,58001001,2010-11-05 00:00:00,2010-11-05 00:00:00,CNY,359554505.15,,359554505.15,,,,,,,,,,,,246867966.51,,218991373.04,,,,,,,,,,,,,,,,,,,,1403721.5,,4032449.14,,16661318.14,,,,3767538.52,,,,,,2011566.17,,,,,,,,,,,,,,,,,,,,,,,,,,,,112686538.64,,8784818.16,,,,1989691.61,,,,,,,,119481665.19,,20591999.34,,,,,,,,98889665.85,,,,,,,,98025670.51,,863995.34,,,,,,,,0.27,,0.27,,,,,,,,,,,,,,,,,,,,,,,,,,,,,,,,,,,,,,,,,,,,,,,,,,,,98889665.85,,,,,,,,0.0,,,,0.0,,,,标准无保留意见
601908.SH,601908,京运通,10074580,通用,2010-09-30 00:00:00,三季报,2010三季报,58001001,2011-10-21 00:00:00,2011-10-21 00:00:00,CNY,690081028.17,,690081028.17,,,,,,,,,,,,453317140.98,,400258305.96,,,,,,,,,,,,,,,,,,,,2930464.28,,6332571.48,,30683902.58,,,,6758399.87,,,,,,6353496.81,,,,,,,,,,,,,,,,,,,,,,,,,,,,236763887.19,,11984818.16,,,,2070366.81,,,,,,,,246678338.54,,35552984.91,,,,,,,,211125353.63,,,,,,,,205573698.07,,5551655.56,,,,,,,,0.56,,0.56,,,,,,,,,,,,,,,,,,,,,,,,,,,,,,,,,,,,,,,,,,,,,,,,,,,,211125353.63,,205573698.07,,5551655.56,,,,0.0,,,,0.0,,,,
601908.SH,601908,京运通,10074580,通用,2010-12-31 00:00:00,年报,2010年报,58001001,2011-08-18 00:00:00,2012-03-28 00:00:00,CNY,1138730864.14,139.6756915956,1138730864.14,139.6756915956,,,,,,,,,,,756108420.36,103.8508355232,646343560.52,108.4184606084,,,,,,,,,,,0.0,,,,,,,,4286963.66,13.8966980286,10143467.33,181.7270408442,76772766.55,181.7756839108,,,9463152.7,-0.7161662876,,,,,9098509.6,-45.3627167451,,,0.0,,,,,,,,,,,,,,,,,,,,,,0.0,,382622443.78,267.1978799881,25221148.16,23.9486390838,,,2161788.28,30421.9637060851,,,0.0,,0.0,,405681803.66,225.7400107936,55546597.07,143.6803175159,,,,,,,350135206.59,244.1242826156,,,,,,,337662699.62,231.8658966187,12472506.97,,341054421.43,291.2247225883,,,,,0.91,167.6470588235,0.91,167.6470588235,,,,,,,,,,,,,,,,,,,,,,,,,,,,,,,,,,,,,,,,,,,,,,,,,,,350135206.59,244.1242826156,337662699.62,,12472506.97,,,,,,,,,,,,标准无保留意见
601908.SH,601908,京运通,10074580,通用,2011-03-31 00:00:00,一季报,2011一季报,58001001,2012-04-27 00:00:00,2012-04-27 00:00:00,CNY,564784972.8,,564784972.8,,,,,,,,,,,,321582128.55,,284866691.43,,,,,,,,,,,,,,,,,,,,3678820.45,,6295776.26,,23446807.12,,,,6663464.25,,,,,,-3369430.96,,,,,,,,,,,,,,,,,,,,,,,,1093820.98,,,,243202844.25,,4571000.0,,,,84079.18,,,,,,,,247689765.07,,33063824.27,,,,,,,,214625940.8,,,,,,,,203318530.49,,11307410.31,,,,,,,,0.55,,0.55,,,,,,,,,,,,,,,,,,,,,,,,,,,,,,,,,,,,,,,,,,,,,,,,,,,,214625940.8,,203318530.49,,11307410.31,,,,0.0,,,,0.0,,,,
601908.SH,601908,京运通,10074580,通用,2011-06-30 00:00:00,中报,2011中报,58001001,2011-08-18 00:00:00,2012-08-17 00:00:00,CNY,1021304908.01,184.047312266,1021304908.01,184.047312266,,,,,,,,,,,619949966.44,151.1261283529,507934549.69,131.9427211396,,,,,,,,,,,0.0,,,,,,,,7427074.64,429.0988732452,12011691.87,197.8758430168,61319312.75,268.0339828743,,,5350665.75,42.0202002341,,,,,25906671.74,1187.8856349031,,,0.0,,,,,,,,,,,,,,,,,,,,,,0.0,,401354941.57,256.1693760532,5021750.0,-42.8360393062,,,1685871.42,-15.2697125762,,,0.0,,0.0,,404690820.15,238.7053733361,55820025.84,171.0762802501,,,,,,,348870794.31,252.7879190523,,,,,,,348359043.57,255.3753233797,511750.74,-40.7692708157,346511300.0,,,,,,0.47,74.0740740741,0.47,74.0740740741,,,,,,,,,,,,,,,,,,,,,,,,,,,,,,,,,,,,,,,,,,,,,,,,,,,348870794.31,252.7879190523,348359043.57,,511750.74,,,,0.0,,,,0.0,,,,标准无保留意见
601908.SH,601908,京运通,10074580,通用,2011-09-30 00:00:00,三季报,2011三季报,58001001,2011-10-21 00:00:00,2012-10-27 00:00:00,CNY,1531158285.62,121.8809419642,1531158285.62,121.8809419642,,,,,,,,,,,1033516316.75,127.9896838923,851989143.72,112.8598285241,,,,,,,,,,,,,,,,,,,10327006.14,252.4017068039,16122932.3,154.6032421572,97415253.97,217.4800001923,,,11782525.54,74.3389821058,,,,,45879455.08,622.1134510965,,,,,,,,,,,,,,,,,,,,,,,,,,,497641968.87,110.1849123936,13397250.0,11.7851753873,,,2109681.59,1.8989282387,,,,,,,508929537.28,106.3130229805,83658386.87,135.3062255723,,,,,,,425271150.41,101.4306397115,,,,,,,425655609.22,107.0574267118,-384458.81,-106.9251200087,416947689.58,,,,,,0.58,3.5714285714,0.58,3.5714285714,,,,,,,,,,,,,,,,,,,,,,,,,,,,,,,,,,,,,,,,,,,,,,,,,,,425271150.41,101.4306397115,425655609.22,107.0574267118,-384458.81,-106.9251200087,,,0.0,,,,0.0,,,,
601908.SH,601908,京运通,10074580,通用,2011-12-31 00:00:00,年报,2011年报,58001001,2012-03-28 00:00:00,2013-03-28 00:00:00,CNY,1775402299.91,55.9106155651,1775402299.91,55.9106155651,,,,,,,,,,,1286066041.79,70.0901626221,1044181407.43,61.5520709435,,,,,,,,,,,0.0,,,,,,,,11644159.9,171.6178821073,22617371.47,122.9747554183,136849081.79,78.252117176,,,-6199986.64,-165.5171361654,,,,,76974007.84,746.0067771979,,,0.0,,,,-44099.55,,,,,,,,,,,,,,,,,,0.0,,489292158.57,27.8785827972,24942732.68,-1.103896929,,,981753.09,-54.5860665874,,,0.0,,0.0,,513253138.16,26.5161842433,79164846.14,42.5197047449,,,,,,,434088292.02,23.9773332844,,,,,,,454133840.39,34.4933393298,-20045548.37,-260.7178766724,434455290.32,27.3859135144,,,,,0.59,-35.1648351648,0.59,-35.1648351648,,,,,,,,,,,,,,,,,,,,,,,,,,,,,,,,,,,,,,,,,,,,,,,,,,,434088292.02,23.9773332844,454133840.39,34.4933393298,-20045548.37,-260.7178766724,,,,,,,,,,,标准无保留意见
601908.SH,601908,京运通,10074580,通用,2012-03-31 00:00:00,一季报,2012一季报,58001001,2012-04-27 00:00:00,2013-04-27 00:00:00,CNY,98099164.61,-82.6307056075,98099164.61,-82.6307056075,,,,,,,,,,,97445901.41,-69.6979736252,54912731.01,-80.7233584473,,,,,,,,,,,,,,,,,,,1081338.9,-70.6063692236,2522437.07,-59.9344550087,24930600.35,6.3283381076,,,-11876590.34,-278.2344722567,,,,,25875384.42,867.9452325089,,,,,,,,,,,,,,,,,,,,,,,,,,,653263.2,-99.7313916282,18357600.01,301.6101511704,,,19827.15,-76.4184783914,,,,,,,18991036.06,-92.3327328222,3728746.57,-88.7225792771,,,,,,,15262289.49,-92.8888887182,,,,,,,18835520.57,-90.7359547973,-3573231.08,-131.6007908269,16174758.21,,,,,,0.02,-96.3636363636,0.02,-96.3636363636,,,,,,,,,,,,,,,,,,,,,,,,,,,,,,,,,,,,,,,,,,,,,,,,,,,15262289.49,-92.8888887182,18835520.57,-90.7359547973,-3573231.08,-131.6007908269,,,,,,,,,,,
601908.SH,601908,京运通,10074580,通用,2012-06-30 00:00:00,中报,2012中报,58001001,2012-08-17 00:00:00,2013-08-28 00:00:00,CNY,243885210.18,-76.1202351749,243885210.18,-76.1202351749,,,,,,,,,,,244955664.87,-60.4878331913,192318776.2,-62.1370949629,,,,,,,,,,,,,,,,,,,1739560.45,-76.5781208037,4107416.63,-65.8048451921,46780687.95,-23.7096995188,,,-23345158.9,-536.3038169596,,,,,23354382.54,-9.8518606543,,,,,,,1850202.45,,,,,,,,,,,,,,,,,,0.0,,779747.76,-99.8057211512,25602067.22,409.8236116892,,,104559.97,-93.7978680486,,,,,0.0,,26277255.01,-93.5068319562,11878040.31,-78.7208262066,,,,,,,14399214.7,-95.8726224909,,,,,,,24361101.09,-93.0068986181,-9961886.39,-2046.6286243182,16320334.37,-95.2901003892,,,,,0.03,-93.6170212766,0.03,-93.6170212766,,,,,,,,,,,,,,,,,,,,,,,,,,,,,,,,,,,,,,,,,,,,,,,,,,,14399214.7,-95.8726224909,24361101.09,-93.0068986181,-9961886.39,-2046.6286243182,,,0.0,,,,0.0,,,,
601908.SH,601908,京运通,10074580,通用,2012-09-30 00:00:00,三季报,2012三季报,58001001,2012-10-27 00:00:00,2013-10-29 00:00:00,CNY,381793313.41,-75.0650656437,381793313.41,-75.0650656437,,,,,,,,,,,378890711.12,-63.33964883,292386053.07,-65.6819508529,,,,,,,,,,,0.0,,,,,,,,2749602.17,-73.3746437958,7250615.64,-55.029175183,72070759.35,-26.0169671454,,,-33814596.28,-386.9893739267,,,,,38248277.17,-16.6331049414,,,0.0,,,,3721568.93,,3721568.93,,,,,,,,,,,,,,,,0.0,,6624171.22,-98.6688881496,30296067.23,126.1364625576,,,161203.9,-92.3588516502,,,0.0,,0.0,,36759034.55,-92.7771858661,7963429.99,-90.4810141721,,,,,,,28795604.56,-93.2288836117,,,,,,,36576107.33,-91.4071125723,-7780502.77,-1923.7545785464,24552399.16,-94.1113958001,,,,,0.04,-93.1034482759,0.04,-93.1034482759,,,,,,,,,,,,,,,,,,,,,,,,,,,,,,,,,,,,,,,,,,,,,,,,,,,28795604.56,-93.2288836117,36576107.33,-91.4071125723,-7780502.77,-1923.7545785464,,,,,,,,,,,
601908.SH,601908,京运通,10074580,通用,2012-12-31 00:00:00,年报,2012年报,58001001,2013-03-28 00:00:00,2014-03-25 00:00:00,CNY,568533024.68,-67.9772283325,568533024.68,-67.9772283325,,,,,,,,,,,529745892.36,-58.8088111227,418145823.03,-59.9546764523,,,,,,,,,,,0.0,,,,,,,,3999825.89,-65.6495107904,10496542.31,-53.5907949165,98134484.12,-28.2899944695,,,-41247037.88,-565.2762380791,,,,,40216254.89,-47.7534611767,,,0.0,,,,11417942.38,25991.2900018254,,,,,,,,,,,,,,,,,0.0,,50205074.7,-89.7392439628,34112854.65,36.7647045239,,,255822.24,-73.9423035582,9400.7,,0.0,,0.0,,84062107.11,-83.6217061602,10171632.27,-87.1513269261,,,,,,,73890474.84,-82.9780078849,,,,,,,75883325.2,-83.2905371829,-1992850.36,90.0583894079,55747331.48,-87.1684537576,,,,,0.09,-84.7457627119,0.09,-84.7457627119,,,,,,,,,,,,,,,,,,,,,,,,,,,,,,,,,,,,,,,,,,,,,,,,,,,73890474.84,-82.9780078849,75883325.2,-83.2905371829,-1992850.36,90.0583894079,,,,,,,,,,,标准无保留意见
601908.SH,601908,京运通,10074580,通用,2013-03-31 00:00:00,一季报,2013一季报,58001001,2013-04-27 00:00:00,2014-04-29 00:00:00,CNY,111633460.37,13.7965453771,111633460.37,13.7965453771,,,,,,,,,,,110643994.73,13.5440209686,69847460.37,27.1972074332,,,,,,,,,,,,,,,,,,,1352352.89,25.0628170317,2333746.72,-7.4804779966,21722032.33,-12.8699990171,,,-8603313.11,27.5607488033,,,,,23991715.53,-7.2797716139,,,,,,,7451213.75,,2022213.75,,,,,,,,,,,,,,,,0.0,,8440679.39,1192.07942373,344226.12,-98.1248849533,,,26856.7,35.4541626003,,,,,0.0,,8758048.81,-53.8832490111,3469993.08,-6.9394228098,,,,,,,5288055.73,-65.3521463247,,,,,,,7416015.02,-60.6275016799,-2127959.29,40.4471963229,2562274.89,-84.158805611,,,,,0.01,-50.0,0.01,-50.0,,,,,,,,,,,,,,,,,,,,,,,,,,,,,,,,,,,,,,,,,,,,,,,,,,,5288055.73,-65.3521463247,7416015.02,-60.6275016799,-2127959.29,40.4471963229,,,,,,,,,,,
601908.SH,601908,京运通,10074580,通用,2013-06-30 00:00:00,中报,2013中报,58001001,2013-08-28 00:00:00,2014-08-29 00:00:00,CNY,233624466.36,-4.2072021556,233624466.36,-4.2072021556,,,,,,,,,,,227509648.39,-7.1221118684,167329505.83,-12.993671686,,,,,,,,,,,,,,,,,,,2643447.38,51.9606507494,7739719.73,88.4327894441,47484203.88,1.5038597354,,,-17673097.32,24.2965216227,,,,,19985868.89,-14.4234755264,,,,,,,10220188.58,452.3821774206,4164900.24,,,,,,,,,,,,,,,,0.0,,16335006.55,1994.9090703383,15287452.43,-40.2882107189,,,6551342.14,6165.6312353571,6538731.63,,,,0.0,,25071116.84,-4.5900462949,13305999.49,12.0218415053,,,,,,,11765117.35,-18.2933403306,,,,,,,12488810.16,-48.7346236368,-723692.81,92.7353838252,5086414.94,-68.8338803318,,,,,0.01,-66.6666666667,0.01,-66.6666666667,440.84,,,,,,,,,,,,,,,,,,,,,,,,,,,,,,,,,,,,,,,,,,,,,,,,,,11765117.35,-18.2933403306,12488810.16,-48.7346236368,-723692.81,92.7353838252,,,,,,,,,,,
601908.SH,601908,京运通,10074580,通用,2013-09-30 00:00:00,三季报,2013三季报,58001001,2013-10-29 00:00:00,2014-10-22 00:00:00,CNY,344667702.31,-9.7240076754,344667702.31,-9.7240076754,,,,,,,,,,,369176234.91,-2.5639256717,274979262.05,-5.9533588683,,,,,,,,,,,0.0,,,,,,,,2847672.44,3.5667076157,11005671.97,51.7894826652,80957595.02,12.3307090839,,,-24188680.51,28.4667475853,,,,,23574713.94,-38.3639847745,,,0.0,,,,11657250.51,213.2348407154,11657250.51,213.2348407154,,,,,,,,,,,,,,,0.0,,-12851282.09,-294.0058863696,132132709.45,336.1381576258,,,6832260.11,4138.2722192205,6538731.63,,0.0,,0.0,,112449167.25,205.9089245041,23751653.06,198.2590804443,,,,,,,88697514.19,208.024490353,,,,,,,91592125.39,150.415181046,-2894611.2,62.7966047238,-14996216.4,-161.0784156052,,,,,0.11,175.0,0.11,175.0,0.0,,,,,,,,,,,,,,,,,,,,,,,,,,,,,,,,,,,,,,,,,,,,,,,,,,88697514.19,208.024490353,91592125.39,150.415181046,-2894611.2,62.7966047238,,,,,,,,,,,
601908.SH,601908,京运通,10074580,通用,2013-12-31 00:00:00,年报,2013年报,58001001,2014-03-25 00:00:00,2015-03-10 00:00:00,CNY,465867125.82,-18.058036104,465867125.82,-18.058036104,,,,,,,,,,,574218042.73,8.3949967355,387407155.05,-7.3511837945,,,,,,,,,,,,,,,,,,,2889463.31,-27.7602728353,14497286.44,38.1148764216,128258951.05,30.6971267034,,,-18873458.78,54.2428747613,,,,,60038645.66,49.2894995425,,,,,,,22448158.38,96.6042359727,8744027.24,,,,,,,,,,,,,,,,0.0,,-85902758.53,-271.103736113,162679853.44,376.8872470777,13927.02,,6954635.84,2618.5423128185,6358731.63,67541.0440711862,,,0.0,,69822459.07,-16.9394374345,16238390.1,59.6438965641,,,,,,,53584068.97,-27.4817639404,,,,,,,56909470.72,-25.0039839846,-3325401.75,-66.866605579,-87448329.3,-256.865498273,,,,,0.07,-22.2222222222,0.07,-22.2222222222,,,,,,,,,,,,,,,,,,,,,,,,,,,,,,,,,,,,,,,,,,,,,,,,,,,53584068.97,-27.4817639404,56909470.72,-25.0039839846,-3325401.75,-66.866605579,,,,,,,,,,,标准无保留意见
601908.SH,601908,京运通,10074580,通用,2014-03-31 00:00:00,一季报,2014一季报,58001001,2014-04-29 00:00:00,2015-04-28 00:00:00,CNY,138563878.88,24.1239664351,138563878.88,24.1239664351,,,,,,,,,,,124515455.38,12.5370208151,76188652.97,9.0786301555,,,,,,,,,,,,,,,,,,,614567.11,-54.5557143742,2577446.46,10.4424245318,30252433.36,39.2707316719,,,309798.12,103.6009164846,,,,,14572557.36,-39.2600444025,,,,,,,13836474.59,85.6942379354,9791394.69,384.1918758588,,,,,,,,,,,,,,,0.0,,27884898.09,230.3631947333,1045875.19,203.8337677571,,,50641.18,88.5606943519,,,,,0.0,,28880132.1,229.7553225214,4273277.77,23.1494608629,,,,,,,24606854.33,365.3289523861,,,,,,,19905780.59,168.4161309857,4701073.74,320.9193456892,14385572.56,461.437518517,,,,,0.02,100.0,0.02,100.0,,,,,,,,,,,,,,,,,,,,,,,,,,,,,,,,,,,,,,,,,,,,,,,,,,,24606854.33,365.3289523861,19905780.59,168.4161309857,4701073.74,320.9193456892,,,,,,,,,,,
601908.SH,601908,京运通,10074580,通用,2014-06-30 00:00:00,中报,2014中报,58001001,2014-08-29 00:00:00,2015-08-28 00:00:00,CNY,261575574.66,11.9641186283,261575574.66,11.9641186283,,,,,,,,,,,238983824.62,5.043380055,152597526.75,-8.8041729442,,,,,,,,,,,,,,,,,,,705418.56,-73.3144466829,4802077.25,-37.9554115973,42068875.67,-11.4044835282,,,5374238.41,130.409148508,,,,,33435687.98,67.2966442641,,,,,,,21363595.05,109.0332764682,12105858.77,190.6638352039,,,,,,,,,,,,,,,0.0,,43955345.09,169.0867919487,3890676.77,-74.5498683459,,,296450.91,-95.4749591204,1706.25,-99.9739054897,,,0.0,,47549570.95,89.6587665139,1784327.03,-86.5900563776,,,,,,,45765243.92,288.9909684581,,,,,,,39698991.9,217.8764941688,6066252.02,938.2357729932,28142250.97,453.2826421354,,,,,0.05,400.0,0.05,400.0,,,,,,,,,,,,,,,,,,,,,,,,,,,,,,,,,,,,,,,,,,,,,,,,,,,45765243.92,288.9909684581,39698991.9,217.8764941688,6066252.02,938.2357729932,,,,,,,,,,,
601908.SH,601908,京运通,10074580,通用,2014-09-30 00:00:00,三季报,2014三季报,58001001,2014-10-22 00:00:00,2015-10-27 00:00:00,CNY,513218432.26,48.9023859272,513218432.26,48.9023859272,,,,,,,,,,,505172020.52,36.8376327483,337907087.19,22.8845712476,,,,,,,,,,,,,,,,,,,826715.25,-70.9687378932,11629321.8,5.6666220082,71070242.84,-12.213001359,,,8168608.47,133.7703764644,,,,,75570044.97,220.5555119877,,,,,,,24101099.19,106.7477161045,12459728.25,6.8839366479,,,,,,,,,,,,,,,0.0,,32147510.93,350.150223961,110624060.64,-16.2780653629,,,420366.07,-93.8473350951,1706.25,-99.9739054897,,,0.0,,142351205.5,26.5916048836,6763902.53,-71.5223925134,,,,,,,135587302.97,52.8648285222,,,,,,,126381287.95,37.9827003816,9206015.02,418.039777501,47209891.21,414.8120162496,,,,,0.07,-36.3636363636,0.07,-36.3636363636,,,,,,,,,,,,,,,,,,,,,,,,,,,,,,,,,,,,,,,,,,,,,,,,,,,135587302.97,52.8648285222,126381287.95,37.9827003816,9206015.02,418.039777501,,,,,,,,,,,
601908.SH,601908,京运通,10074580,通用,2014-12-31 00:00:00,年报,2014年报,58001001,2015-03-10 00:00:00,2016-04-27 00:00:00,CNY,694816342.48,49.14474621,694816342.48,49.14474621,,,,,,,,,,,721281374.75,25.6110607951,443609942.34,14.5074210833,,,,,,,,,,,,,,,,,,,3512784.14,21.5722008943,18312714.24,26.3182204186,141814166.4,10.5686310694,,,18693151.07,199.044649356,,,,,95338616.56,58.7954150397,,,,,,,33028229.14,47.1311302286,20921040.0,139.2609197773,,,,,,,,,,,,,,,0.0,,6563196.87,107.6402632259,113260907.42,-30.3780369695,912723.87,6453.6192954415,898206.07,-87.0847864552,64482.37,-98.9859240215,,,0.0,,118925898.22,70.3261383286,991322.47,-93.8951924181,,,,,,,117934575.75,120.0926096449,,,,,,,114979295.37,102.038946972,2955280.38,188.8698750459,12524263.77,114.3219017107,,,,,0.07,0.0,0.07,0.0,,,,,,,,,,,,,,,,,,,,,,,,,,,,,,,,,,,,,,,,,,,,,,,,,,,117934575.75,120.0926096449,114979295.37,102.038946972,2955280.38,188.8698750459,,,,,,,,,,,标准无保留意见
601908.SH,601908,京运通,10074580,通用,2015-03-31 00:00:00,一季报,2015一季报,58001001,2015-04-28 00:00:00,2016-04-27 00:00:00,CNY,257040128.18,85.5029826371,257040128.18,85.5029826371,,,,,,,,,,,221412513.39,77.8193018002,165181180.06,116.8054869339,,,,,,,,,,,,,,,,,,,147068.76,-76.0695361651,2670526.2,3.6113161396,33438847.8,10.5327541824,,,16567482.78,5247.8319300324,,,,,3407407.79,-76.6176402273,,,,,,,,,,,,,,,,,,,,,,,,,0.0,,35627614.79,27.7667025176,1534020.52,46.6733827007,,,58174.82,14.8765095916,,,,,0.0,,37103460.49,28.4739985313,1070435.32,-74.9504858422,,,,,,,36033025.17,46.4349107235,,,,,,,35276916.45,77.2194578881,756108.72,-83.9162548427,34008685.15,136.4082834253,,,,,0.02,0.0,0.02,0.0,,,,,,,,,,,,,,,,,,,,,,,,,,,,,,,,,,,,,,,,,,,,,,,,,,,36033025.17,46.4349107235,35276916.45,77.2194578881,756108.72,-83.9162548427,,,,,,,,,,,
601908.SH,601908,京运通,10074580,通用,2015-06-30 00:00:00,中报,2015中报,58001001,2015-08-28 00:00:00,2016-08-26 00:00:00,CNY,903690811.93,245.4798151948,903690811.93,245.4798151948,,,,,,,,,,,796126847.67,233.1300136885,656914203.32,330.4881064005,,,,,,,,,,,,,,,,,,,1414349.15,100.4978647004,7562775.04,57.4896580433,70774078.9,68.2338255369,,,48292847.61,798.5989069659,,,,,11168593.65,-66.596788268,,,,,,,6309.6,-99.970465645,,,,,,,,,,,,,,,,,0.0,,107570273.86,144.7262639839,48374037.92,1143.3322216073,,,640616.4,116.0952718951,114704.85,6622.6285714286,,,0.0,,155303695.38,226.6142938352,-294030.84,-116.4785286025,,,,,,,155597726.22,239.9910344453,,,,,,,134205960.2,238.0588618927,21391766.02,252.6356298662,106738559.72,279.2822394832,,,,,0.08,60.0,0.08,60.0,,,,,,,,,,,,,,,,,,,,,,,,,,,,,,,,,,,,,,,,,,,,,,,,,,,155597726.22,239.9910344453,134205960.2,238.0588618927,21391766.02,252.6356298662,,,,,,,,,,,标准无保留意见
601908.SH,601908,京运通,10074580,通用,2015-09-30 00:00:00,三季报,2015三季报,58001001,2015-10-27 00:00:00,2016-10-28 00:00:00,CNY,1262235750.3,145.9451319279,1262235750.3,145.9451319279,,,,,,,,,,,1092798638.13,116.3220831203,894995779.47,164.8644593142,,,,,,,,,,,,,,,,,,,2535249.56,206.6653917416,15164993.96,30.4030812872,98565209.0,38.6870299879,,,65372768.06,700.2925871657,,,,,16164638.08,-78.6097281186,,,,,,,524528.81,-97.8236311719,,,,,,,,,,,,,,,,,0.0,,169961640.98,428.6930031693,63785192.85,-42.3405790015,,,739277.44,75.8651548637,115782.84,6685.8074725275,,,0.0,,233007556.39,63.6849899315,-2293284.09,-133.9047477374,,,,,,,235300840.48,73.5419433279,,,,,,,214363299.75,69.6163278814,20937540.73,127.4332671032,180541118.01,282.4222284413,,,,,0.12,71.4285714286,0.12,71.4285714286,,,,,,,,,,,,,,,,,,,,,,,,,,,,,,,,,,,,,,,,,,,,,,,,,,,235300840.48,73.5419433279,214363299.75,69.6163278814,20937540.73,127.4332671032,,,,,,,,,,,
601908.SH,601908,京运通,10074580,通用,2015-12-31 00:00:00,年报,2015年报,58001001,2016-04-27 00:00:00,2017-04-28 00:00:00,CNY,1582602744.83,127.7728153574,1582602744.83,127.7728153574,,,,,,,,,,,1447442092.52,100.6764826032,1162780890.29,162.1178606044,,,,,,,,,,,,,,,,,,,4919263.14,40.0388678594,21200598.79,15.7698335274,144782461.51,2.0930878666,,,83948757.5,349.0883168153,,,,,29810121.29,-68.7323748072,,,,,,,2722032.47,-91.7584667998,,,,,,,,,,,,,,,,,0.0,,137882684.78,2000.8463940836,106503513.98,-5.9662187015,899566.43,-1.4415575655,1981747.13,120.6339053131,122228.41,89.5532220667,,,0.0,,242404451.63,103.8281444649,2878338.81,190.3534316134,,,,,,,239526112.82,103.1008390006,,,,,,,224542993.71,95.2899371904,14983119.11,406.9948425672,162584957.71,1198.159801612,,,,,0.13,85.7142857143,0.13,85.7142857143,,,,,,,,,,,,,,,,,,,,,,,,,,,,,,,,,,,,,,,,,,,,,,,,,,,239526112.82,103.1008390006,224542993.71,95.2899371904,14983119.11,406.9948425672,,,,,,,,,,,标准无保留意见
601908.SH,601908,京运通,10074580,通用,2016-03-31 00:00:00,一季报,2016一季报,58001001,2016-04-27 00:00:00,2017-04-28 00:00:00,CNY,460578479.09,79.1854378346,460578479.09,79.1854378346,,,,,,,,,,,356530362.19,61.0253895461,286444385.67,73.4122407686,,,,,,,,,,,,,,,,,,,1830925.36,1144.9451263477,4816274.02,80.3492517692,43700324.79,30.6872923714,,,11872610.66,-28.3378723391,,,,,7865841.69,130.8453280257,,,,,,,9543415.11,,,,,,,,,,,,,,,,,,0.0,,113591532.01,218.8300218231,1599246.87,4.2519867987,155765.98,,29580.55,-49.1523136642,,,,,0.0,,115161198.33,210.3785922099,6497917.57,507.0350490677,,,,,,,108663280.76,201.5658003938,,,,,,,101349810.18,187.2978150561,7313470.58,867.251188427,98528388.29,189.7153708102,,,,,0.051,155.0,0.051,155.0,,,,,,,,,,,,,,,,,,,,,,,,,,,,,,,,,,,,,,,,,,,,,,,,,,,108663280.76,201.5658003938,101349810.18,187.2978150561,7313470.58,867.251188427,,,,,,,,,,,
601908.SH,601908,京运通,10074580,通用,2016-06-30 00:00:00,中报,2016中报,58001001,2016-08-26 00:00:00,2017-08-29 00:00:00,CNY,1034355983.11,14.4590571748,1034355983.11,14.4590571748,,,,,,,,,,,797720496.82,0.2001752804,640213514.84,-2.5422937114,,,,,,,,,,,,,,,,,,,3399944.28,140.3893182953,14280752.59,88.8295303572,85222268.48,20.4145215375,,,48969675.05,1.4015065864,,,,,5634341.58,-49.551915339,,,,,,,17593773.86,278741.350640294,-574502.01,,,,,,,,,,,,,,,,0.0,,254229260.15,136.3378385379,11254925.91,-76.7335405644,159597.95,,165824.55,-74.1148447027,,,,,0.0,,265318361.51,70.8384084878,21554872.24,7430.8202091998,,,,,,,243763489.27,56.662629456,,,,,,,233299906.14,73.8372169107,10463583.13,-51.0859312868,226848111.22,112.5268617218,,,,,0.12,50.0,0.12,50.0,,,,,,,,,,,,,,,,,,,,,,,,,,,,,,,,,,,,,,,,,,,,,,,,,,,243763489.27,56.662629456,233299906.14,73.8372169107,10463583.13,-51.0859312868,,,,,,,,,,,
601908.SH,601908,京运通,10074580,通用,2016-09-30 00:00:00,三季报,2016三季报,58001001,2016-10-28 00:00:00,2017-10-31 00:00:00,CNY,1372488874.5,8.7347489701,1372488874.5,8.7347489701,,,,,,,,,,,1081868286.2,-1.000216467,841150944.66,-6.0162110308,,,,,,,,,,,,,,,,,,,3670284.87,44.7701610093,18095659.21,19.3251989268,128574824.1,30.4464581412,,,73501017.81,12.4336937095,,,,,16875555.55,4.3979795061,,,,,,,22125434.08,4118.1542096801,-318033.87,,,,,,,,,,,,,,,,0.0,,312746022.38,84.0097686612,22729125.05,-64.3661419925,159597.95,,389204.55,-47.3533846779,,,,,0.0,,335085942.88,43.8090455398,25045184.03,1192.1099631402,,,,,,,310040758.85,31.7635577576,,,,,,,300792111.42,40.3188473824,9248647.43,-55.8274414877,285944787.42,58.3820852401,,,,,0.15,25.0,0.15,25.0,,,,,,,,,,,,,,,,,,,,,,,,,,,,,,,,,,,,,,,,,,,,,,,,,,,310040758.85,31.7635577576,300792111.42,40.3188473824,9248647.43,-55.8274414877,,,,,,,,,,,
601908.SH,601908,京运通,10074580,通用,2016-12-31 00:00:00,年报,2016年报,58001001,2017-04-28 00:00:00,2018-04-26 00:00:00,CNY,1812992135.52,14.5576261284,1812992135.52,14.5576261284,,,,,,,,,,,1647880268.81,13.8477509619,1194664979.96,2.7420548391,,,,,,,,,,,0.0,,,,,,,,10423425.84,111.8899831815,22002528.28,3.7825794353,160780672.81,11.0498268458,,,113977246.84,35.7700223735,,,,,146031415.08,389.871925241,,,0.0,,,,69760177.4,2462.797401164,874372.37,,,,,,159597.95,,,,,,,,,,0.0,,235031642.06,70.4576919394,37219743.66,-65.0530369665,159597.95,-82.2583475019,700474.94,-64.6536669893,,,0.0,,0.0,,271550910.78,12.0238959945,11645875.26,304.6040452062,,,,,,,259905035.52,8.508017126,,,259905035.52,,,,258007453.66,14.9033641162,1897581.86,-87.3352013952,188992106.71,16.2420616101,,,,,0.13,0.0,0.13,0.0,,,,,,,,,,,,,,,,,,,,,,,,,,,,,,,,,,,,,,,,,,,,,,,,,,,259905035.52,8.508017126,258007453.66,14.9033641162,1897581.86,-87.3352013952,,,,,,,,,,,标准无保留意见
601908.SH,601908,京运通,10074580,通用,2017-03-31 00:00:00,一季报,2017一季报,58001001,2017-04-28 00:00:00,2018-04-26 00:00:00,CNY,213533993.38,-53.6378699669,213533993.38,-53.6378699669,,,,,,,,,,,240931192.45,-32.423373154,135529742.85,-52.6854951152,,,,,,,,,,,0.0,,,,,,,,6300713.82,244.1272898203,5450724.49,13.1730559218,38587681.45,-11.6993257249,,,37468044.15,215.5838696558,,,,,17594285.69,123.6796312894,,,0.0,,,,11850994.84,24.1798109314,-543641.92,,,,,,,,,,,,,,,,0.0,,-15546204.23,-113.6860591233,12426213.88,677.00410819,20.15,-99.9870639276,2989.91,-89.8923109949,1783.37,,0.0,,0.0,,-3122980.26,-102.7118337646,-666394.09,-110.255502364,,,,,,,-2456586.17,-102.260732561,,,-2456586.17,,,,2293980.44,-97.7365715477,-4750566.61,-164.9563918804,-9191980.27,-109.3292709132,,,,,0.001,-98.0392156863,0.001,-98.0392156863,,,,,,,,,,,,,,,,,,,,,,,,,,,,,,,,,,,,,,,,,,,,,,,,,,,-2456586.17,-102.260732561,2293980.44,-97.7365715477,-4750566.61,-164.9563918804,,,,,,,,,,,
601908.SH,601908,京运通,10074580,通用,2017-06-30 00:00:00,中报,2017中报,58001001,2017-08-29 00:00:00,2018-08-29 00:00:00,CNY,758980376.21,-26.6229046283,758980376.21,-26.6229046283,,,,,,,,,,,631742468.8,-20.8065392179,470016344.38,-26.5844388653,,,,,,,,,,,0.0,,,,,,,,15819225.97,365.2789771602,12733679.26,-10.8332759093,82126787.16,-3.6322446882,,,65114487.95,32.9690014964,,,,,-14068055.92,-349.6841151757,,,0.0,,,,20724398.74,17.7939361101,-308486.66,46.3036413049,,,,,,,,,,,17139543.45,,,,0.0,,165101849.6,-35.0578884969,3703541.87,-67.0940359838,31172.27,-80.4682516285,127826.51,-22.9146046228,3477.49,,0.0,,0.0,,168677564.96,-36.4244660641,2020452.17,-90.6264711407,,,,,,,166657112.79,-31.6316347091,,,166657112.79,,,,182038524.69,-21.9723112187,-15381411.9,-246.9994714898,161301282.38,-28.894588757,,,,,0.09,-25.0,0.09,-25.0,,,,,,,,,,,,,,,,,,,,,,,,,,,,,,,,,,,,,,,,,,,,,,,,,,,166657112.79,-31.6316347091,182038524.69,-21.9723112187,-15381411.9,-246.9994714898,,,,,,,,,,,
601908.SH,601908,京运通,10074580,通用,2017-09-30 00:00:00,三季报,2017三季报,58001001,2017-10-31 00:00:00,2018-10-31 00:00:00,CNY,1300144047.37,-5.2710683834,1300144047.37,-5.2710683834,,,,,,,,,,,1008226207.18,-6.8069357388,765683132.89,-8.9719701617,,,,,38325597.27,,,,,,0.0,,,,,,,,23693969.84,545.5621478776,18790014.94,3.8371397358,87429758.96,-32.0008721987,,,109180699.69,48.5431126576,119681221.24,,-16240452.2,,-34876966.41,-306.6715155342,,,0.0,,,,26434941.49,19.4776174534,-1135045.47,-256.894525102,,,,,,,,,,,35455033.5,,,,0.0,,353807815.18,13.1294372627,7710297.36,-66.0774563779,31172.27,-80.4682516285,356897.35,-8.3008279323,10847.79,,0.0,,0.0,,361161215.19,7.7816670213,15329072.72,-38.7943298734,,,,,,,345832142.47,11.5440898006,,,345832142.47,,,,364729300.1,21.2562717746,-18897157.63,-304.3234729513,335367056.21,17.2838502271,,,,,0.18,20.0,0.18,20.0,,,,,,,,,,,,,,,,,,,,,,,,,,,,,,,,,,,,,,,,,,,,,,,,,,,345832142.47,11.5440898006,364729300.1,21.2562717746,-18897157.63,-304.3234729513,,,,,,,,,,,
601908.SH,601908,京运通,10074580,通用,2017-12-31 00:00:00,年报,2017年报,58001001,2018-04-26 00:00:00,2019-04-26 00:00:00,CNY,1917286734.9,5.7526228237,1917286734.9,5.7526228237,,,,,,,,,,,1613533750.07,-2.084284847,1251069692.04,4.7213832351,,,,,59336801.9,,,,,,0.0,,,,,,,,29705490.27,184.9877835366,26099119.11,18.6187277111,116214808.78,-27.7184211579,,,164839151.86,44.6246127452,214492421.75,,56533432.7,,-33731313.89,-123.0986694688,,,0.0,,,,27293226.08,-60.8756355026,-967609.25,-210.6632921166,,,,,149040.98,-6.6147278208,,,,,49831144.13,,,,0.0,,381026396.02,62.1170633368,4416253.46,-88.1346483728,,,2899285.2,313.9027728815,,,0.0,,0.0,,382543364.28,40.873533873,12860853.8,10.4326940902,,,,,,,369682510.48,42.2375329283,,,369682510.48,42.2375329283,,,390131482.97,51.2093846266,-20448972.49,-1177.6332194702,323040580.6,70.9280806609,,,,,0.2,53.8461538462,0.2,53.8461538462,,,,,,,,,,,,,,,,,,,,,,,,,,,,,,,,,,,,,,,,,,,,,,,,,,,369682510.48,42.2375329283,390131482.97,51.2093846266,-20448972.49,-1177.6332194702,,,,,,,,,,,标准无保留意见
601908.SH,601908,京运通,10074580,通用,2018-03-31 00:00:00,一季报,2018一季报,58001001,2018-04-26 00:00:00,2019-04-26 00:00:00,CNY,548274536.88,156.7621802044,548274536.88,156.7621802044,,,,,,,,,,,417782322.01,73.4031686647,311992861.53,130.2025038705,,,,,17047618.74,,,,,,0.0,,,,,,,,7261037.71,15.2415094136,6510907.25,19.4503090726,31433870.43,-18.5391056192,,,52554401.16,40.264597078,58317241.27,,7865946.73,,-9018374.81,-151.2574080522,,,0.0,,,,3655752.48,-69.1523578454,-40624.41,92.5273588174,,,,,,,,,,,11436881.34,,,,0.0,,145584848.69,1036.4655612144,29430239.74,136.8399580452,,,216054.27,7126.1128261386,,,0.0,,0.0,,174799034.16,5697.1866488839,21262997.52,3290.7542157224,,,,,,,153536036.64,6349.9756171793,,,153536036.64,6349.9756171793,,,156320621.51,6714.3833654484,-2784584.87,41.3841527001,117496063.87,1378.2453880311,,,,,0.08,7900.0,0.08,7900.0,,,,,,,,,,,,,,,,,,,,,,,,,,,,,,,,,,,,,,,,,,,,,,,,,,,153536036.64,6349.9756171793,156320621.51,6714.3833654484,-2784584.87,41.3841527001,,,,,,,,,,,
601908.SH,601908,京运通,10074580,通用,2018-06-30 00:00:00,中报,2018中报,58001001,2018-08-29 00:00:00,2019-08-30 00:00:00,CNY,1201620491.81,58.3203636714,1201620491.81,58.3203636714,,,,,,,,,,,886158784.68,40.2721565266,655962334.46,39.5616008472,,,,,26511747.65,,,,,,0.0,,,,,,,,11587448.6,-26.7508497446,17075696.0,34.0986815463,68866095.77,-16.1466092228,,,106155462.2,63.0289441599,118916759.31,,-17362411.37,,8916768.28,163.3830881161,,,0.0,,,,3489517.86,-83.1622721422,-1413000.87,-358.0427789001,,,,,,,-8916768.28,,,,23323896.13,36.0823653094,,,0.0,,333358352.84,101.9107318589,28281382.38,663.6306911794,,,309744.67,142.3164568915,,,0.0,,0.0,,361329990.55,114.2134258552,32627007.76,1514.83692831,,,,,,,328702982.79,97.233095718,,,328702982.79,97.233095718,,,331932317.26,82.3417970593,-3229334.47,79.0049542201,288827185.41,79.0606876451,,,,,0.17,88.8888888889,0.17,88.8888888889,,,,,,,,,,,,,,,,,,,,,,,,,,,,,,,,,,,,,,,,,,,,,,,,,,,328702982.79,97.233095718,331932317.26,82.3417970593,-3229334.47,79.0049542201,,,,,,,,,,,
601908.SH,601908,京运通,10074580,通用,2018-09-30 00:00:00,三季报,2018三季报,58001001,2018-10-31 00:00:00,2019-10-29 00:00:00,CNY,1683251476.09,29.4665371499,1683251476.09,29.4665371499,,,,,,,,,,,1234786687.21,22.4711952949,890413271.45,16.2900465221,,,,,36807074.11,-3.962164371,,,,,0.0,,,,,,,,19921249.8,-15.9227012842,22825893.9,21.4788491275,96206084.53,10.0381445338,,,168613113.42,54.4349082748,190305334.44,59.0101876203,-26034056.13,-60.3037637708,2399828.21,106.8808398695,,,0.0,,,,2410746.0,-90.880456456,-2997580.95,-164.0934684317,,,,,103398.68,,-2399828.21,,,,35036640.49,-1.1800666046,,,0.0,,483615745.84,36.6888251448,28839649.54,274.040691214,,,473936.53,32.7935133169,,,0.0,,0.0,,511981458.85,41.7598117729,39784562.28,159.5366530429,,,,,,,472196896.57,36.5393318266,,,472196896.57,36.5393318266,,,479720897.78,31.5279297957,-7524001.21,60.1844819347,433676547.01,29.3139975974,,,,,0.24,33.3333333333,0.24,33.3333333333,,,,,,,,,,,,,,,,,,,,,,,,,,,,,,,,,,,,,,,,,,,,,,,,,,,472196896.57,36.5393318266,479720897.78,31.5279297957,-7524001.21,60.1844819347,,,,,,,,,,,
601908.SH,601908,京运通,10074580,通用,2018-12-31 00:00:00,年报,2018年报,58001001,2019-04-26 00:00:00,2020-04-29 00:00:00,CNY,2034043142.87,6.0896685845,2034043142.87,6.0896685845,,,,,,,,,,,1599550082.35,-0.866648604,1116019396.28,-10.7947859835,,,,,41321987.1,-30.3602725849,,,,,,,,,,,,,24197079.61,-18.5434093494,32005205.89,22.6294487377,132211009.52,13.7643394228,,,253795403.95,53.96548762,247819890.55,15.5378304409,11463448.16,-79.722709886,49395436.25,246.4379253387,,,,,,,9001043.43,-67.0209618914,-8282267.81,-755.9516984775,,,,,107246.84,-28.0420458856,-49395436.25,,,,54009747.3,8.3855252432,,,0.0,,448215661.84,17.6337562231,4823011.55,9.2104788297,,,1530314.36,-47.2175293414,,,,,0.0,,451508359.03,18.0280201383,16015289.43,24.5274200225,,,,,,,435493069.6,17.8019130617,,,435493069.6,17.8019130617,,,452046620.16,15.8703257473,-16553550.56,19.0494751358,408484923.51,26.4500338475,,,,,0.23,15.0,0.23,15.0,,,,,,,,,,,,,,,,,,,,,,,,,,,,,,,,,,,,,,,,,,,,,,,,,,,435493069.6,17.8019130617,452046620.16,15.8703257473,-16553550.56,19.0494751358,,,,,,,,,,,标准无保留意见
601908.SH,601908,京运通,10074580,通用,2019-03-31 00:00:00,一季报,2019一季报,58001001,2019-04-26 00:00:00,2020-04-29 00:00:00,CNY,315139980.03,-42.5214999363,315139980.03,-42.5214999363,,,,,,,,,,,340967793.41,-18.3862563237,217894230.0,-30.1605078618,,,,,9810607.67,-42.4517416794,,,,,,,,,,,,,7656887.74,5.4517005118,5090118.78,-21.8216665581,31261320.98,-0.5489284254,,,69254628.24,31.7770285864,72427987.93,24.1965263663,7011007.74,-10.8688632068,-6567581.84,27.1755501588,,,,,,,-1311451.46,-135.8736393444,-1311451.46,-3128.2350931374,,,,,,,6567581.84,,,,9847648.61,-13.895682597,,,0.0,,-10724034.39,-107.3661747678,2236811.14,-92.3996163138,,,5311022.79,2358.1892271789,,,,,0.0,,-13798246.04,-107.8937770488,4885790.81,-77.0220976351,,,,,,,-18684036.85,-112.1691540689,,,-18684036.85,-112.1691540689,,,-15325210.69,-109.8037037865,-3358826.16,-20.6221507625,-14281086.03,-112.1545229343,,,,,-0.01,-112.5,-0.01,-112.5,,,,,,,,,,,,,,,,,,,,,,,,,,,,,,,,,,,,,,,,,,,,,,,,,,,-18684036.85,-112.1691540689,-15325210.69,-109.8037037865,-3358826.16,-20.6221507625,,,,,,,,,,,
601908.SH,601908,京运通,10074580,通用,2019-06-30 00:00:00,中报,2019中报,58001001,2019-08-30 00:00:00,2020-08-28 00:00:00,CNY,820822106.84,-31.6904037144,820822106.84,-31.6904037144,,,,,,,,,,,756569004.38,-14.6237652372,473753029.92,-27.7774035136,,,,,23219199.52,-12.4192043975,,,,,,,,,,,,,12931873.3,11.6024221242,12242541.93,-28.3042873919,63067524.76,-8.4200664277,,,171354834.95,61.4187639513,185946633.18,56.3670539451,-16776835.59,3.3726638974,,,,,,,,,11673129.92,234.5198502581,-1927327.67,-36.399609577,,,,,,,3958333.89,144.392023721,-22240633.96,,26795309.5,14.8835055286,,,0.0,,84439241.81,-74.6701286797,9604590.88,-66.0391746381,,,5358986.22,1630.1302456633,,,,,0.0,,88684846.47,-75.4559962391,17464746.22,-46.4715049922,,,,,,,71220100.25,-78.3329924038,,,71220100.25,-78.3329924038,,,71298962.24,-78.5200299782,-78861.99,97.5579491461,56872951.07,-80.3090034654,,,,,0.04,-76.4705882353,0.04,-76.4705882353,,,,,,,,,,,,,,,,,,,,,,,,,,,,,,,,,,,,,,,,,,,,,,,,,,,71220100.25,-78.3329924038,71298962.24,-78.5200299782,-78861.99,97.5579491461,,,,,,,,,,,
601908.SH,601908,京运通,10074580,通用,2019-09-30 00:00:00,三季报,2019三季报,58001001,2019-10-29 00:00:00,2020-10-29 00:00:00,CNY,1490746958.7,-11.4364680575,1490746958.7,-11.4364680575,,,,,,,,,,,1317612290.79,6.7076851766,877314974.32,-1.4710357033,,,,,35234015.45,-4.2737943671,,,,,,,,,,,,,23161931.39,16.2674612413,21982874.97,-3.6932570251,91708982.69,-4.6744463845,,,268209511.97,59.0680027964,278632871.49,46.4135896715,-19223217.59,26.1612654824,,,,,,,,,10235349.41,324.5718715286,-4468783.74,-49.0796683906,,,,,,,3228722.73,234.5397439928,-22728124.08,,32254991.12,-7.9392582482,,,0.0,,196125607.09,-59.4459839703,10493533.11,-63.6142141899,,,5677720.6,1097.9917648467,,,,,0.0,,200941419.6,-60.7522076969,29951805.52,-24.7150055109,,,,,,,170989614.08,-63.7884926136,,,170989614.08,-63.7884926136,,,167177759.24,-65.1510367771,3811854.84,150.6626026978,148908911.58,-65.6636005321,,,,,0.08,-66.6666666667,0.08,-66.6666666667,,,,,,,,,,,,,,,,,,,,,,,,,,,,,,,,,,,,,,,,,,,,,,,,,,,170989614.08,-63.7884926136,167177759.24,-65.1510367771,3811854.84,150.6626026978,,,,,,,,,,,
601908.SH,601908,京运通,10074580,通用,2019-12-31 00:00:00,年报,2019年报,58001001,2020-04-29 00:00:00,2022-02-16 00:00:00,CNY,2057403280.36,1.1484583093,2057403280.36,1.1484583093,,,,,,,,,,,2056835611.43,28.5883845793,1348524394.8,20.8334191408,,,,,71046034.66,71.9327642402,,,,,,,,,,,,,24840261.08,2.6580954411,39042988.1,21.9894920663,145401987.01,9.9772156176,,,427979945.78,68.6318739895,412458418.11,66.4347511391,10656247.9,-7.0415135894,,,,,,,,,464711025.19,5062.857270982,-6951470.1,16.0680352354,,,,,1000924.95,833.2908550033,-86137343.81,-74.3832028814,-176694974.27,,53180620.32,-1.5351432315,,,0.0,,256627921.31,-42.744543942,10364493.6,114.8967194574,,,15450639.69,909.6382869988,,,,,0.0,,251541775.22,-44.2885673788,-24765918.32,-254.6392179064,,,,,,,276307693.54,-36.5529068479,,,276307693.54,-36.5529068479,,,263408505.83,-41.7297919987,12899187.71,177.9239937876,-51306950.68,-112.5603046103,,,,,0.13,-43.4782608696,0.13,-43.4782608696,,,,,,,,,,,,,,,,,,,,,,,,,,,,,,,,,,,,,,,,,,,,,,,,,,,276307693.54,-36.5529068479,263408505.83,-41.7297919987,12899187.71,177.9239937876,,,,,,,,,,,标准无保留意见
601908.SH,601908,京运通,10074580,通用,2020-03-31 00:00:00,一季报,2020一季报,58001001,2020-04-29 00:00:00,2021-04-28 00:00:00,CNY,727535157.15,130.8609517208,727535157.15,130.8609517208,,,,,,,,,,,639278188.0,87.4893172773,498762379.53,128.901141407,,,,,18100899.65,84.5033484047,,,,,,,,,,,,,7747983.13,1.1897182392,9304684.03,82.7989568055,31392047.45,0.4181732118,,,73970194.21,6.8090264721,78624109.97,8.5548725252,-6403561.28,-191.3358181516,,,,,,,,,2449641.66,286.7885876615,-620372.01,52.6957703795,,,,,-306847.7,,-2588400.56,-139.4117747302,-1304008.38,,15126650.95,53.6067293733,,,0.0,,101634005.12,1047.7217381434,116549.43,-94.7894827634,,,175098.82,-96.7031054672,,,,,0.0,,101575455.73,836.1475903208,12996455.0,166.0051464627,,,,,,,88579000.73,574.0891994655,,,88579000.73,574.0891994655,,,84353203.95,650.4211697725,4225796.78,225.8117145307,81099456.6,667.8801768271,,,,,0.04,500.0,0.04,500.0,,,,,,,,,,,,,,,,,,,,,,,,,,,,,,,,,,,,,,,,,,,,,,,,,,,88579000.73,574.0891994655,84353203.95,650.4211697725,4225796.78,225.8117145307,,,,,,,,,,,
601908.SH,601908,京运通,10074580,通用,2020-06-30 00:00:00,中报,2020中报,58001001,2020-08-28 00:00:00,2021-08-26 00:00:00,CNY,1720280469.82,109.5801825371,1720280469.82,109.5801825371,,,,,,,,,,,1475280312.29,94.9961343578,1142672489.6,141.1958166881,,,,,57871792.59,149.2411184983,,,,,,,,,,,,,14062501.17,8.742955052,11347320.79,-7.3123796113,66580608.26,5.5703525917,,,182745599.88,6.6474721494,198444760.11,6.72135156,-18836928.49,-12.2793889762,,,,,,,,,2879910.39,-75.3287215191,-3497409.58,-81.4641918154,,,,,-221426.62,,-13979783.17,-453.1734198906,-5175574.2,76.7291966168,27057027.47,0.9767305356,,,0.0,,255560311.4,202.6558575396,778285.87,-91.8967306393,,,585541.62,-89.073649456,,,,,0.0,,255753055.65,188.3841668898,32262620.05,84.7299676937,,,,,,,223490435.6,213.8024726383,,,223490435.6,213.8024726383,,,228961802.24,221.1292213052,-5471366.64,-6837.9008062059,212330120.54,273.3411341336,,,,,0.11,175.0,0.11,175.0,,,,,,,,,,,,,,,,,,,,,,,,,,,,,,,,,,,,,,,,,,,,,,,,,,,223490435.6,213.8024726383,228961802.24,221.1292213052,-5471366.64,-6837.9008062059,,,,,,,,,,,
601908.SH,601908,京运通,10074580,通用,2020-09-30 00:00:00,三季报,2020三季报,58001001,2020-10-29 00:00:00,2021-10-28 00:00:00,CNY,2999004521.17,101.1746194529,2999004521.17,101.1746194529,,,,,,,,,,,2547746001.83,93.3608254597,2009205019.92,129.017522638,,,,,100001276.52,183.8202664181,,,,,,,,,,,,,23800425.99,2.7566552601,19746785.58,-10.1719606423,104498430.85,13.9456875268,,,290494062.97,8.3086356022,320508113.57,15.0288233603,-34160819.48,-77.7060438507,,,,,,,,,6062579.68,-40.7682196557,-1572483.72,64.811818797,,,,,-39318324.17,,1982.82,-99.9385880992,-4765971.91,79.0305091031,43863362.86,35.9893812924,,,0.0,,457102148.62,133.0660210068,11979808.97,14.1637315518,,,646041.62,-88.6214615774,,,,,0.0,,468435915.97,133.1206363041,54125449.54,80.7084701584,,,,,,,414310466.43,142.3015389906,,,414310466.43,142.3015389906,,,416265080.1,148.9954895869,-1954613.67,-151.2772325297,412480775.78,177.0020755664,,,,,0.21,162.5,0.21,162.5,,,,,,,,,,,,,,,,,,,,,,,,,,,,,,,,,,,,,,,,,,,,,,,,,,,414310466.43,142.3015389906,416265080.1,148.9954895869,-1954613.67,-151.2772325297,,,,,,,,,,,
601908.SH,601908,京运通,10074580,通用,2020-12-31 00:00:00,年报,2020年报,58001001,2021-03-26 00:00:00,2022-03-30 00:00:00,CNY,4056197809.39,97.1513241041,4056197809.39,97.1513241041,,,,,,,,,,,3540529813.35,72.1347974371,2734868219.23,102.8045046701,,,,,154949087.55,118.0967428957,,,,,,,,,,,,,30278883.89,21.8943866672,31262693.8,-19.9275072904,157175496.83,8.0972138429,,,431995432.05,0.9382416886,425705728.16,3.2117928665,17364174.55,62.9482976837,,,,,,,,,9489842.25,-97.9579046471,-1874056.91,73.0408549121,,,,,-39700461.66,-4066.3774651636,-65793687.39,23.6176964835,14680344.54,108.3082977321,64781027.53,21.8132228248,,,0.0,,499125061.31,94.4936695751,1024702.8,-90.1133346254,,,699103.22,-95.4752474071,,,,,0.0,,499450660.89,98.5557510092,51906926.4,309.5901542164,,,,,,,447543734.49,61.9729544104,,,447543734.49,61.9729544104,,,440121379.87,67.0870036953,7422354.62,-42.4587440165,421645483.16,921.8096721237,,,,,0.22,69.2307692308,0.22,69.2307692308,,,,,,,,,,,,,,,,,,,,,,,,,,,,,,,,,,,,,,,,,,,,,,,,,,,447543734.49,61.9729544104,440121379.87,67.0870036953,7422354.62,-42.4587440165,,,,,,,,,,,标准无保留意见
601908.SH,601908,京运通,10074580,通用,2021-03-31 00:00:00,一季报,2021一季报,58001001,2021-04-28 00:00:00,2022-04-28 00:00:00,CNY,1095525242.7,50.5803852822,1095525242.7,50.5803852822,,,,,,,,,,,887158913.04,38.7750950514,661465265.04,32.6213227356,,,,,58298773.55,222.0766629133,,,,,,,,,,,,,8927646.18,15.2254209929,5608426.58,-39.7246960572,54775443.78,74.4882804068,,,98083357.91,32.5984864005,98369650.89,25.1138498452,-14814823.5,-131.3528808769,,,,,,,,,3767742.63,53.8079096026,-699313.75,-12.7249035623,,,,,45396.47,114.7944631816,-28850.75,98.8853831031,1496805.61,214.7849686365,7300383.06,-51.738272509,,,0.0,,220947806.68,117.395552226,295016.38,153.1255451013,,,246989.49,41.0571984437,,,,,0.0,,220995833.57,117.5681437821,10256844.41,-21.0796758808,,,,,,,210738989.16,137.9107772985,,,210738989.16,137.9107772985,,,217201675.67,157.4907241209,-6462686.51,-252.9341529291,208429008.14,157.0041981514,,,,,0.1,150.0,0.1,150.0,,,,,,,,,,,,,,,,,,,,,,,,,,,,,,,,,,,,,,,,,,,,,,,,,,,210738989.16,137.9107772985,217201675.67,157.4907241209,-6462686.51,-252.9341529291,,,,,,,,,,,
601908.SH,601908,京运通,10074580,通用,2021-06-30 00:00:00,中报,2021中报,58001001,2021-08-26 00:00:00,2022-08-26 00:00:00,CNY,2350896681.21,36.6577556656,2350896681.21,36.6577556656,,,,,,,,,,,1799133955.27,21.9520073766,1330459019.15,16.4339765995,,,,,118751001.11,105.1966870135,,,,,,,,,,,,,16688525.32,18.6739479574,14435874.25,27.2183497511,97780404.26,46.8601846925,,,221019131.18,20.9436130474,236925595.07,19.3912073761,-30473981.66,-61.7778698697,,,,,,,,,13027987.15,352.3747403821,-699313.75,80.0048083016,,,,,10735698.28,4948.4225970662,-307149.49,97.8029023321,-10610517.24,-105.0114022131,11774364.37,-56.4831562408,,,0.0,,576383109.01,125.5370193644,125944.39,-83.8177211158,,,1262841.59,115.6706793959,,,,,0.0,,575246211.81,124.9225176794,92398928.15,186.3962319452,,,,,,,482847283.66,116.0482986056,,,482847283.66,116.0482986056,,,454932273.16,98.6935238582,27915010.5,610.201789365,428713576.45,101.9089780384,,,,,0.19,72.7272727273,0.19,72.7272727273,,,,,,,,,,,,,,,,,,,,,,,,,,,,,,,,,,,,,,,,,,,,,,,,,,,482847283.66,116.0482986056,454932273.16,98.6935238582,27915010.5,610.201789365,,,,,,,,,,,
601908.SH,601908,京运通,10074580,通用,2021-09-30 00:00:00,三季报,2021三季报,58001001,2021-10-28 00:00:00,2022-10-28 00:00:00,CNY,3781913442.58,26.1056265799,3781913442.58,26.1056265799,,,,,,,,,,,2976303814.78,16.8210572264,2271504486.7,13.0548880866,,,,,180785074.64,80.7827669118,,,,,,,,,,,,,27543738.56,15.7279225656,25892024.12,31.1201968295,142577098.1,36.439463196,,,328001392.66,12.9115649754,359814481.32,12.2637668395,-46668201.46,-36.6132375347,,,,,,,,,68345543.61,1027.3343562884,-656654.04,58.2409641735,,,,,9700827.42,124.6725353249,-851307.65,-43034.1871677712,-4756903.52,0.190273677,16524813.32,-62.3266155567,,,0.0,,894572600.98,95.7051839902,736659.51,-93.850824234,,,1521964.15,135.5829876719,,,,,0.0,,893787296.34,90.8024696375,149176875.33,175.613184921,,,,,,,744610421.01,79.7228120801,,,744610421.01,79.7228120801,,,706943807.25,69.8301974021,37666613.76,2027.0618198429,639522899.6,55.0430801025,,,,,0.32,52.380952381,0.32,52.380952381,,,,,,,,,,,,,,,,,,,,,,,,,,,,,,,,,,,,,,,,,,,,,,,,,,,744610421.01,79.7228120801,706943807.25,69.8301974021,37666613.76,2027.0618198429,,,,,,,,,,,
601908.SH,601908,京运通,10074580,通用,2021-12-31 00:00:00,年报,2021年报,58001001,2022-03-30 00:00:00,2023-04-28 00:00:00,CNY,5525603628.02,36.2261873725,5525603628.02,36.2261873725,,,,,,,,,,,4581909378.71,29.413099741,3622629443.47,32.4608410013,,,,,222036401.77,43.29635965,,,,,,,,,,,,,36810568.39,21.571747901,35075189.05,12.1950311588,204830060.33,30.3193337773,,,460527715.7,6.6047651279,488392260.86,14.7253204628,59440956.69,242.3195068608,,,,,,,1034935.89,,113937096.0,1100.6216014813,-712521.3,61.9797405192,,,,,13844159.18,134.87153197,-7585870.78,88.4702148779,-39957306.44,-372.1823478402,43972158.11,-32.1218576077,,,0.0,,1068939421.27,114.162642618,1383240.51,34.9894340095,,,5248820.15,650.7933020248,,,,,0.0,,1065073841.63,113.2490604241,185954032.24,258.245122832,,,,,,,879119809.39,96.4321566007,,,879119809.39,96.4321566007,,,828159225.47,88.1660976603,50960583.92,586.5824462588,708507289.24,68.0338857018,,,,,0.35,59.0909090909,0.35,59.0909090909,,,,,,,,,,,,,,,,,,,,,,,,,,,,,,,,,,,,,,,,,,,,,,,,,,,879119809.39,96.4321566007,828159225.47,88.1660976603,50960583.92,586.5824462588,,,,,,,,,,,标准无保留意见
601908.SH,601908,京运通,10074580,通用,2022-03-31 00:00:00,一季报,2022一季报,58001001,2022-04-28 00:00:00,2023-04-28 00:00:00,CNY,1936760637.59,76.7883168823,1936760637.59,76.7883168823,,,,,,,,,,,1939146360.72,118.5793697406,1729356288.95,161.4432503641,,,,,62190367.48,6.6752586599,,,,,,,,,,,,,10700527.49,19.8583285477,6474087.19,15.4349994183,50824477.36,-7.2130249385,,,79600612.25,-18.8439160871,95144962.39,-3.2781335207,16847400.62,213.7198875167,,,,,,,,,6328054.76,67.9534772257,,,,,,,225804.86,397.4062080157,-29104.31,-0.878867967,8334188.03,456.7982892581,11257387.62,54.2026976869,,,0.0,,23730607.83,-89.2596318621,248942.57,-15.6173735167,,,225669.04,-8.6321284359,,,,,0.0,,23753881.36,-89.251434755,5714853.96,-44.282532409,,,,,,,18039027.4,-91.440109174,,,18039027.4,-91.440109174,,,8924670.69,-95.8910672938,9114356.71,241.0304630419,-7813500.82,-103.7487588171,,,,,0.004,-96.0,0.004,-96.0,,,,,,,,,,,,,,,,,,,,,,,,,,,,,,,,,,,,,,,,,,,,,,,,,,,18039027.4,-91.440109174,8924670.69,-95.8910672938,9114356.71,241.0304630419,,,,,,,,,,,
601908.SH,601908,京运通,10074580,通用,2022-06-30 00:00:00,中报,2022中报,58001001,2022-08-26 00:00:00,2022-08-26 00:00:00,CNY,4994771908.78,112.4624169451,4994771908.78,112.4624169451,,,,,,,,,,,4526173337.15,151.5751161214,4031064411.84,202.9829821001,,,,,156014836.34,31.3798072283,,,,,,,,,,,,,23960877.12,43.5769587819,12470082.28,-13.6174085196,106141450.26,8.5508400822,,,196521679.31,-11.0838603605,231920923.17,-2.1123390651,-34588617.75,-13.5021282611,,,,,,,,,13744463.56,5.4995173218,,,,,,,338432.96,-96.8475924791,-138247.26,54.9902361876,6768181.68,163.7874811087,20136872.35,71.0230099665,,,0.0,,509448274.92,-11.612906944,702142.21,457.5017751882,,,445448.87,-64.7264650193,,,,,0.0,,509704968.26,-11.3935984635,103977363.69,12.530919754,,,,,,,405727604.57,-15.9718572931,,,405727604.57,-15.9718572931,,,388341873.03,-14.6374315604,17385731.54,-37.7190578524,364172019.11,-15.054703393,,,,,0.16,-15.7894736842,0.16,-15.7894736842,,,,,,,,,,,,,,,,,,,,,,,,,,,,,,,,,,,,,,,,,,,,,,,,,,,405727604.57,-15.9718572931,388341873.03,-14.6374315604,17385731.54,-37.7190578524,,,,,,,,,,,
601908.SH,601908,京运通,10074580,通用,2022-09-30 00:00:00,三季报,2022三季报,58001001,2022-10-28 00:00:00,2022-10-28 00:00:00,CNY,8554430138.68,126.1931762469,8554430138.68,126.1931762469,,,,,,,,,,,7622729441.39,156.1139559589,6827312721.95,200.5634706832,,,,,244610096.54,35.3043646037,,,,,,,,,,,,,42107774.4,52.8760313647,22454905.12,-13.274817697,176970152.17,24.1224253603,,,309273791.21,-5.7096103459,355455126.73,-1.2115561814,-46271027.51,0.8510590457,,,,,,,,,14832861.08,-78.2972520277,-1295478.15,-97.2847300231,,,,,586455.94,-93.9545781549,-501520.75,41.088189446,726063.62,115.2633665355,66789757.78,304.1785918342,,,0.0,,1014134314.96,13.3652331682,846365.5,14.8923605154,,,4649429.0,205.4887330953,,,,,0.0,,1010331251.46,13.0393389565,147289495.45,-1.2651960137,,,,,,,863041756.01,15.9051406827,,,863041756.01,15.9051406827,,,834958907.74,18.1082427171,28082848.27,-25.4436609329,811540418.53,26.8977888106,,,,,0.35,9.375,0.35,9.375,,,,,,,,,,,,,,,,,,,,,,,,,,,,,,,,,,,,,,,,,,,,,,,,,,,863041756.01,15.9051406827,834958907.74,18.1082427171,28082848.27,-25.4436609329,,,,,,,,,,,
601908.SH,601908,京运通,10074580,通用,2022-12-31 00:00:00,年报,2022年报,58001001,2023-04-28 00:00:00,2023-04-28 00:00:00,CNY,12199212601.62,120.776107424,12199212601.62,120.776107424,,,,,,,,,,,11326552677.01,147.2015865185,10225561191.42,182.2690355441,,,,,344686045.98,55.2385299132,,,,,,,,,,,,,53237445.15,44.6254363311,31264490.5,-10.8643706655,245882252.94,20.0420741681,,,425921251.02,-7.5145237735,489458842.34,0.2183862369,72027163.75,21.1743009549,,,,,,,1338252.95,29.3078115206,12253509.41,-89.2453732453,-2782944.75,-290.5770606437,,,,,845979.09,-93.8892707098,-429464528.44,-5561.3741638241,2582759.26,106.4637972129,80146607.11,82.2667127447,,,0.0,,540362503.99,-49.4487252282,1220047.55,-11.7978730973,,,17785961.74,238.8563759419,,,,,0.0,,523796589.8,-50.8206314598,89704220.56,-51.7600024697,,,,,,,434092369.24,-50.6219329148,,,434092369.24,-50.6219329148,,,423481768.43,-48.864692271,10610600.81,-79.1788084166,391167560.48,-44.7899031639,,,,,0.18,-48.5714285714,0.18,-48.5714285714,,,,,,,,,,,,,,,,,,,,,,,,,,,,,,,,,,,,,,,,,,,,,,,,,,,434092369.24,-50.6219329148,423481768.43,-48.864692271,10610600.81,-79.1788084166,,,,,,,,,,,标准无保留意见
601908.SH,601908,京运通,10074580,通用,2023-03-31 00:00:00,一季报,2023一季报,58001001,2023-04-28 00:00:00,2023-04-28 00:00:00,CNY,2723137324.12,40.6026780629,2723137324.12,40.6026780629,,,,,,,,,,,2346199662.21,20.9913655687,2138724951.06,23.6717363984,,,,,65796996.43,5.7993369329,,,,,,,,,,,,,13058457.07,22.0356387309,5116436.91,-20.970528202,43360609.55,-14.6855771032,,,80142211.19,0.6803954451,97274954.11,2.2386805003,17004643.31,0.9333350203,,,,,,,,,-2280907.09,-136.0443639713,-3306386.69,,,,,,37198.99,-83.5260454536,-389566.2,-1238.5172161786,-5164609.97,-161.96896388,10031066.17,-10.8934816087,,,0.0,,379170843.81,1497.813450571,721877.38,189.9774755278,,,296413.24,31.3486511043,,,,,0.0,,379596307.95,1498.0390833694,74384195.65,1201.5939894639,,,,,,,305212112.3,1591.9543694468,,,305212112.3,1591.9543694468,,,303271675.64,3298.1273502877,1940436.66,-78.7101084395,297930062.9,3913.0163388144,,,,,0.126,3050.0,0.126,3050.0,,,,,,,,,,,,,,,,,,,,,,,,,,,,,,,,,,,,,,,,,,,,,,,,,,,305212112.3,1591.9543694468,303271675.64,3298.1273502877,1940436.66,-78.7101084395,,,,,,,,,,,
601908.SH,601908,京运通,10074580,通用,2023-06-30 00:00:00,中报,2023中报,058001001,2023-08-29 00:00:00,2023-08-29 00:00:00,CNY,5137334826.91,2.854242811,5137334826.91,2.854242811,,,,,,,,,,,4870645597.27,7.6106731771,4390201261.31,8.9092312297,,,,,137951441.4,-11.577998198,,,,,,,,,,,,,26448354.7,10.3814128654,27671191.05,121.9006292715,101578772.23,-4.2986769248,,,186794576.58,-4.9496334268,213869859.35,-7.7832838768,30495069.02,-11.8349590018,,,,,,,,,-7097200.96,-151.6367985481,-7995137.68,,,,,,263098.99,-22.259643387,-252016860.09,-182194.289297307,19487741.97,187.9317206804,16542274.52,-17.8508249321,,,0,,43868284.07,-91.3890602384,1848583.32,163.2776229192,,,433028.35,-2.7883155254,,,,,0,,45283839.04,-91.1156763501,33030420.31,-68.2330661811,,,,,,,12253418.73,-96.9798903028,,,12253418.73,-96.9798903028,,,55516804.62,-85.7041415115,-43263385.89,-348.844207622,21418888.02,-94.1184695979,,,,,0.023,-85.7142857143,0.023,-85.7142857143,,,,,,,,,,,,,,,,,,,,,,,,,,,,,,,,,,,,,,,,,,,,,,,,,,,12253418.73,-96.9798903028,55516804.62,-85.7041415115,-43263385.89,-348.844207622,,,,,,,,,,,
601908.SH,601908,京运通,10074580,通用,2023-09-30 00:00:00,三季报,2023三季报,058001001,2023-10-27 00:00:00,2023-10-27 00:00:00,CNY,7979845211.96,-6.7168112593,7979845211.96,-6.7168112593,,,,,,,,,,,7339801541.11,-3.7116350837,6602449317.54,-3.2935858304,,,,,206382918.42,-15.627800594,,,,,,,,,,,,,42232492.38,0.2961875373,49331185.45,119.6900195586,164528747.44,-7.0302277404,,,274876879.88,-11.121831952,312752587.51,-12.0134824367,43524510.43,-5.9357166413,,,,,,,,,-16975046.46,-214.4421589904,-14619438.28,-1028.4974802547,,,,,226818.06,-61.3239385042,-262840349.04,-52308.6688417179,21073285.05,2802.402003009,24472835.77,-63.3584001748,,,0,,406001214.23,-59.9657354809,10202286.73,1105.4232751689,,,770280.42,-83.4327952959,,,,,0,,415433220.54,-58.8814836778,85175399.19,-42.1714366461,,,,,,,330257821.35,-61.7332743114,,,330257821.35,-61.7332743114,,,365615762.96,-56.2115261517,-35357941.61,-225.9058243311,320074922.92,-60.5595832799,,,,,0.15,-57.1428571429,0.15,-57.1428571429,,,,,,,,,,,,,,,,,,,,,,,,,,,,,,,,,,,,,,,,,,,,,,,,,,,330257821.35,-61.7332743114,365615762.96,-56.2115261517,-35357941.61,-225.9058243311,,,,,,,,,,,
