SECUCODE,SECURITY_CODE,SECURITY_NAME_ABBR,ORG_CODE,ORG_TYPE,REPORT_DATE,REPORT_TYPE,REPORT_DATE_NAME,SECURITY_TYPE_CODE,NOTICE_DATE,UPDATE_DATE,CURRENCY,TOTAL_OPERATE_INCOME,TOTAL_OPERATE_INCOME_YOY,OPERATE_INCOME,OPERATE_INCOME_YOY,INTEREST_INCOME,INTEREST_INCOME_YOY,EARNED_PREMIUM,EARNED_PREMIUM_YOY,FEE_COMMISSION_INCOME,FEE_COMMISSION_INCOME_YOY,OTHER_BUSINESS_INCOME,OTHER_BUSINESS_INCOME_YOY,TOI_OTHER,TOI_OTHER_YOY,TOTAL_OPERATE_COST,TOTAL_OPERATE_COST_YOY,OPERATE_COST,OPERATE_COST_YOY,INTEREST_EXPENSE,INTEREST_EXPENSE_YOY,FEE_COMMISSION_EXPENSE,FEE_COMMISSION_EXPENSE_YOY,RESEARCH_EXPENSE,RESEARCH_EXPENSE_YOY,SURRENDER_VALUE,SURRENDER_VALUE_YOY,NET_COMPENSATE_EXPENSE,NET_COMPENSATE_EXPENSE_YOY,NET_CONTRACT_RESERVE,NET_CONTRACT_RESERVE_YOY,POLICY_BONUS_EXPENSE,POLICY_BONUS_EXPENSE_YOY,REINSURE_EXPENSE,REINSURE_EXPENSE_YOY,OTHER_BUSINESS_COST,OTHER_BUSINESS_COST_YOY,OPERATE_TAX_ADD,OPERATE_TAX_ADD_YOY,SALE_EXPENSE,SALE_EXPENSE_YOY,MANAGE_EXPENSE,MANAGE_EXPENSE_YOY,ME_RESEARCH_EXPENSE,ME_RESEARCH_EXPENSE_YOY,FINANCE_EXPENSE,FINANCE_EXPENSE_YOY,FE_INTEREST_EXPENSE,FE_INTEREST_EXPENSE_YOY,FE_INTEREST_INCOME,FE_INTEREST_INCOME_YOY,ASSET_IMPAIRMENT_LOSS,ASSET_IMPAIRMENT_LOSS_YOY,CREDIT_IMPAIRMENT_LOSS,CREDIT_IMPAIRMENT_LOSS_YOY,TOC_OTHER,TOC_OTHER_YOY,FAIRVALUE_CHANGE_INCOME,FAIRVALUE_CHANGE_INCOME_YOY,INVEST_INCOME,INVEST_INCOME_YOY,INVEST_JOINT_INCOME,INVEST_JOINT_INCOME_YOY,NET_EXPOSURE_INCOME,NET_EXPOSURE_INCOME_YOY,EXCHANGE_INCOME,EXCHANGE_INCOME_YOY,ASSET_DISPOSAL_INCOME,ASSET_DISPOSAL_INCOME_YOY,ASSET_IMPAIRMENT_INCOME,ASSET_IMPAIRMENT_INCOME_YOY,CREDIT_IMPAIRMENT_INCOME,CREDIT_IMPAIRMENT_INCOME_YOY,OTHER_INCOME,OTHER_INCOME_YOY,OPERATE_PROFIT_OTHER,OPERATE_PROFIT_OTHER_YOY,OPERATE_PROFIT_BALANCE,OPERATE_PROFIT_BALANCE_YOY,OPERATE_PROFIT,OPERATE_PROFIT_YOY,NONBUSINESS_INCOME,NONBUSINESS_INCOME_YOY,NONCURRENT_DISPOSAL_INCOME,NONCURRENT_DISPOSAL_INCOME_YOY,NONBUSINESS_EXPENSE,NONBUSINESS_EXPENSE_YOY,NONCURRENT_DISPOSAL_LOSS,NONCURRENT_DISPOSAL_LOSS_YOY,EFFECT_TP_OTHER,EFFECT_TP_OTHER_YOY,TOTAL_PROFIT_BALANCE,TOTAL_PROFIT_BALANCE_YOY,TOTAL_PROFIT,TOTAL_PROFIT_YOY,INCOME_TAX,INCOME_TAX_YOY,EFFECT_NETPROFIT_OTHER,EFFECT_NETPROFIT_OTHER_YOY,EFFECT_NETPROFIT_BALANCE,EFFECT_NETPROFIT_BALANCE_YOY,UNCONFIRM_INVEST_LOSS,UNCONFIRM_INVEST_LOSS_YOY,NETPROFIT,NETPROFIT_YOY,PRECOMBINE_PROFIT,PRECOMBINE_PROFIT_YOY,CONTINUED_NETPROFIT,CONTINUED_NETPROFIT_YOY,DISCONTINUED_NETPROFIT,DISCONTINUED_NETPROFIT_YOY,PARENT_NETPROFIT,PARENT_NETPROFIT_YOY,MINORITY_INTEREST,MINORITY_INTEREST_YOY,DEDUCT_PARENT_NETPROFIT,DEDUCT_PARENT_NETPROFIT_YOY,NETPROFIT_OTHER,NETPROFIT_OTHER_YOY,NETPROFIT_BALANCE,NETPROFIT_BALANCE_YOY,BASIC_EPS,BASIC_EPS_YOY,DILUTED_EPS,DILUTED_EPS_YOY,OTHER_COMPRE_INCOME,OTHER_COMPRE_INCOME_YOY,PARENT_OCI,PARENT_OCI_YOY,MINORITY_OCI,MINORITY_OCI_YOY,PARENT_OCI_OTHER,PARENT_OCI_OTHER_YOY,PARENT_OCI_BALANCE,PARENT_OCI_BALANCE_YOY,UNABLE_OCI,UNABLE_OCI_YOY,CREDITRISK_FAIRVALUE_CHANGE,CREDITRISK_FAIRVALUE_CHANGE_YOY,OTHERRIGHT_FAIRVALUE_CHANGE,OTHERRIGHT_FAIRVALUE_CHANGE_YOY,SETUP_PROFIT_CHANGE,SETUP_PROFIT_CHANGE_YOY,RIGHTLAW_UNABLE_OCI,RIGHTLAW_UNABLE_OCI_YOY,UNABLE_OCI_OTHER,UNABLE_OCI_OTHER_YOY,UNABLE_OCI_BALANCE,UNABLE_OCI_BALANCE_YOY,ABLE_OCI,ABLE_OCI_YOY,RIGHTLAW_ABLE_OCI,RIGHTLAW_ABLE_OCI_YOY,AFA_FAIRVALUE_CHANGE,AFA_FAIRVALUE_CHANGE_YOY,HMI_AFA,HMI_AFA_YOY,CASHFLOW_HEDGE_VALID,CASHFLOW_HEDGE_VALID_YOY,CREDITOR_FAIRVALUE_CHANGE,CREDITOR_FAIRVALUE_CHANGE_YOY,CREDITOR_IMPAIRMENT_RESERVE,CREDITOR_IMPAIRMENT_RESERVE_YOY,FINANCE_OCI_AMT,FINANCE_OCI_AMT_YOY,CONVERT_DIFF,CONVERT_DIFF_YOY,ABLE_OCI_OTHER,ABLE_OCI_OTHER_YOY,ABLE_OCI_BALANCE,ABLE_OCI_BALANCE_YOY,OCI_OTHER,OCI_OTHER_YOY,OCI_BALANCE,OCI_BALANCE_YOY,TOTAL_COMPRE_INCOME,TOTAL_COMPRE_INCOME_YOY,PARENT_TCI,PARENT_TCI_YOY,MINORITY_TCI,MINORITY_TCI_YOY,PRECOMBINE_TCI,PRECOMBINE_TCI_YOY,EFFECT_TCI_BALANCE,EFFECT_TCI_BALANCE_YOY,TCI_OTHER,TCI_OTHER_YOY,TCI_BALANCE,TCI_BALANCE_YOY,ACF_END_INCOME,ACF_END_INCOME_YOY,OPINION_TYPE
002325.SZ,2325,洪涛股份,10144876,通用,2006-12-31 00:00:00,年报,2006年报,58001001,2009-12-03 00:00:00,2009-12-03 00:00:00,CNY,751466825.44,,751466825.44,,,,,,,,,,,,719099470.78,,662787572.65,,,,,,,,,,,,,,,,,,,,24873056.57,,11166475.05,,17950693.56,,,,555126.71,,,,,,1766546.24,,,,,,,,,,,,,,,,,,,,,,,,,,,,32367354.66,,18600.0,,,,246331.96,,,,,,,,32139622.7,,4732240.31,,,,,,,,27407382.39,,,,,,,,27407138.35,,244.04,,27585144.56,,,,,,0.3,,0.3,,,,,,,,,,,,,,,,,,,,,,,,,,,,,,,,,,,,,,,,,,,,,,,,,,,,,,,,,,,,,,,,,,,,标准无保留意见
002325.SZ,2325,洪涛股份,10144876,通用,2007-12-31 00:00:00,年报,2007年报,58001001,2009-12-03 00:00:00,2009-12-03 00:00:00,CNY,1045809469.68,39.1690802941,1045809469.68,39.1690802941,,,,,,,,,,,990647681.54,37.7622598533,919309191.8,38.7034443214,,,,,,,,,,,,,,,,,,,35503968.63,42.7406741511,12089889.98,8.2695293355,21499614.04,19.7703808387,,,1800732.84,224.3823090408,,,,,444284.25,-74.850120538,,,,,,,37956.62,,,,,,,,,,,,,,,,,,,,55199744.76,70.5414153855,509811.22,2640.9205376344,,,644834.07,161.7744242363,,,,,,,55064721.91,71.3297085781,8307253.36,75.5458898071,,,,,,,46757468.55,70.601730164,,,,,,,46757468.55,70.6032492444,,,46757468.55,69.5023509784,,,,,0.52,73.3333333333,0.52,73.3333333333,,,,,,,,,,,,,,,,,,,,,,,,,,,,,,,,,,,,,,,,,,,,,,,,,,,,,,,,,,,,,,,,,,,标准无保留意见
002325.SZ,2325,洪涛股份,10144876,通用,2008-09-30 00:00:00,三季报,2008三季报,58001001,2009-12-21 00:00:00,2009-12-21 00:00:00,CNY,760941724.96,,760941724.96,,,,,,,,,,,,723587828.44,,663156157.37,,,,,,,,,,,,,,,,,,,,25747388.66,,4612849.82,,23357706.16,,,,1953026.77,,,,,,4760699.66,,,,,,,,,,,,,,,,,,,,,,,,,,,,37353896.52,,8000.0,,,,160000.0,,,,,,,,37201896.52,,7153267.31,,,,,,,,30048629.21,,,,,,,,30048629.21,,,,,,,,,,,,,,,,,,,,,,,,,,,,,,,,,,,,,,,,,,,,,,,,,,,,,,,,,,,,,,,,,,,,,,,,0.0,,,,0.0,,,,
002325.SZ,2325,洪涛股份,10144876,通用,2008-12-31 00:00:00,年报,2008年报,58001001,2010-04-08 00:00:00,2010-04-08 00:00:00,CNY,1050900479.87,0.4868009267,1050900479.87,0.4868009267,,,,,,,,,,,991462478.27,0.0822488908,916479677.18,-0.3077870476,,,,,,,,,,,,,,,,,,,35514262.97,0.0289948994,9362700.68,-22.5576022984,24165106.59,12.3978623293,,,2718128.34,50.9456749842,,,,,3222602.51,625.3470070118,,,,,,,,,,,,,,,,,,,,,,,,,,,59438001.6,7.6780370243,1467692.1,187.8893289167,,,160000.0,-75.1874152679,,,,,,,60745693.7,10.3168990834,10601842.58,27.6215148445,,,,,,,50143851.12,7.2424420633,,,,,,,50143851.12,7.2424420633,,,49071543.6,4.9491025108,,,,,0.56,7.6923076923,0.56,7.6923076923,,,,,,,,,,,,,,,,,,,,,,,,,,,,,,,,,,,,,,,,,,,,,,,,,,,50143851.12,,50143851.12,,,,,,0.0,,,,0.0,,,,标准无保留意见
002325.SZ,2325,洪涛股份,10144876,通用,2009-03-31 00:00:00,一季报,2009一季报,58001001,2010-04-23 00:00:00,2010-04-23 00:00:00,CNY,235864627.92,,235864627.92,,,,,,,,,,,,222354500.53,,203652225.62,,,,,,,,,,,,,,,,,,,,8064849.66,,2654378.11,,7131436.43,,,,768830.16,,,,,,82780.55,,,,,,,,,,,,,,,,,,,,,,,,,,,,13510127.39,,,,,,30000.0,,,,,,,,13480127.39,,2694369.87,,,,,,,,10785757.52,,,,,,,,10785757.52,,,,,,,,,,0.12,,0.12,,,,,,,,,,,,,,,,,,,,,,,,,,,,,,,,,,,,,,,,,,,,,,,,,,,,10785757.52,,10785757.52,,,,,,0.0,,,,0.0,,,,
002325.SZ,2325,洪涛股份,10144876,通用,2009-06-30 00:00:00,中报,2009中报,58001001,2010-08-21 00:00:00,2010-08-21 00:00:00,CNY,506517815.09,,506517815.09,,,,,,,,,,,,477799303.16,,441059065.37,,,,,,,,,,,,,,,,,,,,17191396.15,,5095355.22,,13466378.38,,,,1639273.62,,,,,,-652165.58,,,,,,,,,,,,,,,,,,,,,,,,,,,,28718511.93,,,,,,40131.67,,,,,,,,28678380.26,,5822011.66,,,,,,,,22856368.6,,,,,,,,22856368.6,,,,22888473.94,,,,,,0.2,,0.2,,,,,,,,,,,,,,,,,,,,,,,,,,,,,,,,,,,,,,,,,,,,,,,,,,,,22856368.6,,22856368.6,,,,,,0.0,,,,0.0,,,,标准无保留意见
002325.SZ,2325,洪涛股份,10144876,通用,2009-09-30 00:00:00,三季报,2009三季报,58001001,2010-10-28 00:00:00,2010-10-28 00:00:00,CNY,880466036.41,15.7074198364,880466036.41,15.7074198364,,,,,,,,,,,826390659.7,14.2073743116,764144115.75,15.2283828262,,,,,,,,,,,,,,,,,,,29655499.72,15.1786696181,7261353.27,57.4157744854,20235033.9,-13.3689166163,,,2526542.4,29.3654771563,,,,,2568114.66,-46.0559404413,,,,,,,,,,,,,,,,,,,,,,,,,,,54075376.71,44.7650225219,27500.0,243.75,,,40131.67,-74.91770625,,,,,,,54062745.04,45.3225509913,10812549.01,51.1553887394,,,,,,,43250196.03,43.9340068651,,,,,,,43250196.03,43.9340068651,,,42803233.58,,,,,,0.38,,0.38,,,,,,,,,,,,,,,,,,,,,,,,,,,,,,,,,,,,,,,,,,,,,,,,,,,,43250196.03,,43250196.03,,,,,,0.0,,,,0.0,,,,
002325.SZ,2325,洪涛股份,10144876,通用,2009-12-31 00:00:00,年报,2009年报,58001001,2011-04-28 00:00:00,2011-04-28 00:00:00,CNY,1310473538.17,24.7000608785,1310473538.17,24.7000608785,,,,,,,,,,,1224194277.16,23.4735861408,1128083993.59,23.0888170986,,,,,,,,,,,,,,,,,,,44059071.07,24.0602152077,10101405.79,7.8898721133,30880404.63,27.7892340966,,,3151426.48,15.9410478756,,,,,7917975.6,145.7012794916,,,,,,,,,,,,,,,,,,,,,,,,,,,86279261.01,45.158414966,27500.0,-98.1263100074,,,40131.67,-74.91770625,,,,,,,86266629.34,42.0127486996,17203069.74,62.2649045219,,,,,,,69063559.6,37.7308644179,,,,,,,69063559.6,37.7308644179,,,67090273.62,36.7193055244,,,,,0.61,8.9285714286,0.61,8.9285714286,,,,,,,,,,,,,,,,,,,,,,,,,,,,,,,,,,,,,,,,,,,,,,,,,,,69063559.6,37.7308644179,69063559.6,37.7308644179,,,,,0.0,,,,0.0,,,,标准无保留意见
002325.SZ,2325,洪涛股份,10144876,通用,2010-03-31 00:00:00,一季报,2010一季报,58001001,2010-04-23 00:00:00,2011-04-28 00:00:00,CNY,319763821.68,35.5709096781,319763821.68,35.5709096781,,,,,,,,,,,298268909.66,34.1411615007,272354534.61,33.7351132701,,,,,,,,,,,,,,,,,,,10731047.62,33.059487435,2626049.77,-1.0672307722,10097105.8,41.5858628077,,,-274136.53,-135.6563184254,,,,,2734308.39,3203.0807236724,,,,,,,,,,,,,,,,,,,,,,,,,,,21494912.02,59.1022156898,,,,,11877.0,-60.41,,,,,,,21483035.02,59.3681899174,4276196.23,58.7085825748,,,,,,,17206838.79,59.5329651913,,,,,,,17206838.79,59.5329651913,,,17216102.85,,,,,,0.14,16.6666666667,0.14,16.6666666667,,,,,,,,,,,,,,,,,,,,,,,,,,,,,,,,,,,,,,,,,,,,,,,,,,,17206838.79,59.5329651913,17206838.79,59.5329651913,,,,,0.0,,,,0.0,,,,
002325.SZ,2325,洪涛股份,10144876,通用,2010-06-30 00:00:00,中报,2010中报,58001001,2010-08-21 00:00:00,2011-08-19 00:00:00,CNY,636524690.7,25.6667923095,636524690.7,25.6667923095,,,,,,,,,,,592214138.46,23.9462122576,542983559.63,23.1090351072,,,,,,,,,,,,,,,,,,,21340219.63,24.1331387154,6270391.61,23.0609317558,19231883.55,42.8140737421,,,-2320482.29,-241.5555195721,,,,,4708566.33,821.9893956992,,,,,,,,,,,,,,,,,,,,,,,,,,,44310552.24,54.2926470146,,,,,466157.0,1061.5689055551,,,,,,,43844395.24,52.8830946605,9224572.71,58.4430476733,,,,,,,34619822.53,51.4668543191,,,,,,,34619822.53,51.4668543191,,,34983424.99,52.8429771321,,,,,0.15,-25.0,0.15,-25.0,,,,,,,,,,,,,,,,,,,,,,,,,,,,,,,,,,,,,,,,,,,,,,,,,,,34619822.53,51.4668543191,34619822.53,51.4668543191,,,,,0.0,,,,0.0,,,,
002325.SZ,2325,洪涛股份,10144876,通用,2010-09-30 00:00:00,三季报,2010三季报,58001001,2010-10-28 00:00:00,2011-10-27 00:00:00,CNY,1032782977.32,17.2995816546,1032782977.32,17.2995816546,,,,,,,,,,,949077236.64,14.8460749768,873015223.18,14.2474574084,,,,,,,,,,,,,,,,,,,34520725.61,16.4058132081,10807366.64,48.8340566579,28294996.28,39.8317216558,,,-5668136.55,-324.3436148153,,,,,8107061.48,215.6814454694,,,,,,,,,,,,,,,,,,,,,,,,,,,83705740.68,54.7945585824,,,,,516157.0,1186.1587868135,,,,,,,83189583.68,53.8759891279,17820693.63,64.8149165707,,,,,,,65368890.05,51.1412572666,,,,,,,65368890.05,51.1412572666,,,65771492.51,53.6601023076,,,,,0.28,-26.3157894737,0.28,-26.3157894737,,,,,,,,,,,,,,,,,,,,,,,,,,,,,,,,,,,,,,,,,,,,,,,,,,,65368890.05,51.1412572666,65368890.05,51.1412572666,,,,,0.0,,,,0.0,,,,
002325.SZ,2325,洪涛股份,10144876,通用,2010-12-31 00:00:00,年报,2010年报,58001001,2011-04-28 00:00:00,2012-04-20 00:00:00,CNY,1508280560.04,15.0943163756,1508280560.04,15.0943163756,,,,,,,,,,,1385840192.31,13.2042697933,1270431471.26,12.6185176351,,,,,,,,,,,,,,,,,,,50619332.2,14.8896946093,19557583.79,93.6124950981,39375204.68,27.5087070645,,,-8895315.33,-382.2631397703,,,,,14751915.71,86.3091837515,,,,,,,,,,,,,,,,,,,,,,,,,,,122440367.73,41.911701951,2000000.0,7172.7272727273,,,677141.74,1587.3001796337,160984.74,,,,,,123763225.99,43.465934553,26761203.97,55.560631762,,,,,,,97002022.02,40.4532615779,,,,,,,97002022.02,40.4532615779,,,95970192.58,43.0463573954,,,,,0.43,-29.5081967213,0.43,-29.5081967213,,,,,,,,,,,,,,,,,,,,,,,,,,,,,,,,,,,,,,,,,,,,,,,,,,,97002022.02,40.4532615779,97002022.02,40.4532615779,,,,,0.0,,,,0.0,,,,标准无保留意见
002325.SZ,2325,洪涛股份,10144876,通用,2011-03-31 00:00:00,一季报,2011一季报,58001001,2011-04-28 00:00:00,2012-04-26 00:00:00,CNY,412309342.68,28.9418360444,412309342.68,28.9418360444,,,,,,,,,,,381963156.91,28.0599970494,343130024.09,25.9865287653,,,,,,,,,,,,,,,,,,,14028155.18,30.7249364345,9636563.59,266.9604323607,5877777.4,-41.7875031081,,,-2949666.27,-975.984389968,,,,,2240302.92,-18.0669258744,,,,,,,,,,,,,,,,,,,,,,,,,,,30346185.77,41.1784600084,23000.0,,,,6098.53,-48.6526058769,,,,,,,30363087.24,41.3351847713,7013860.31,64.021011496,,,,,,,23349226.93,35.6973655357,,,,,,,23349226.93,35.6973655357,,,23336381.81,35.5497351133,,,,,0.1,-28.5714285714,0.1,-28.5714285714,,,,,,,,,,,,,,,,,,,,,,,,,,,,,,,,,,,,,,,,,,,,,,,,,,,23349226.93,35.6973655357,23349226.93,35.6973655357,,,,,0.0,,,,0.0,,,,
002325.SZ,2325,洪涛股份,10144876,通用,2011-06-30 00:00:00,中报,2011中报,58001001,2011-08-19 00:00:00,2012-08-29 00:00:00,CNY,869249021.04,36.5617129611,869249021.04,36.5617129611,,,,,,,,,,,808064345.79,36.4479996866,743191851.38,36.8718883287,,,,,,,,,,,,,,,,,,,29392449.49,37.7326475529,19461922.66,210.3781050766,16259948.24,-15.4531681844,,,-6837500.59,-194.658598321,,,,,6595674.61,40.0781925483,,,,,,,,,,,,,,,,,,,,,,,,,,,61184675.25,38.0815001325,189150.6,,,,6357.53,-98.6361826595,,,,,,,61367468.32,39.9665065149,14542430.99,57.6488304356,,,,,,,46825037.33,35.2549895062,,,,,,,46825037.33,35.2549895062,,,46686114.6,33.452097996,,,,,0.1,-33.3333333333,0.1,-33.3333333333,,,,,,,,,,,,,,,,,,,,,,,,,,,,,,,,,,,,,,,,,,,,,,,,,,,46825037.33,35.2549895062,46825037.33,35.2549895062,,,,,0.0,,,,0.0,,,,
002325.SZ,2325,洪涛股份,10144876,通用,2011-09-30 00:00:00,三季报,2011三季报,58001001,2011-10-27 00:00:00,2012-10-29 00:00:00,CNY,1577202281.76,52.7138146538,1577202281.76,52.7138146538,,,,,,,,,,,1439569083.45,51.6809199372,1327527826.62,52.0623915107,,,,,,,,,,,,,,,,,,,53303611.79,54.4104616809,30525332.21,182.449307281,30551596.78,7.9752634624,,,-11241098.26,-98.320879549,,,,,8901814.31,9.8032170098,,,,,,,,,,,,,,,,,,,,,,,,,,,137633198.31,64.4250408537,189700.6,,,,164785.41,-68.0745567725,,,,,,,137658113.5,65.4751801975,32976372.79,85.045394274,,,,,,,104681740.71,60.1400002814,,,,,,,104681740.71,60.1400002814,,,104662805.17,59.1309565525,,,,,0.23,-17.8571428571,0.23,-17.8571428571,,,,,,,,,,,,,,,,,,,,,,,,,,,,,,,,,,,,,,,,,,,,,,,,,,,104681740.71,60.1400002814,104681740.71,60.1400002814,,,,,0.0,,,,0.0,,,,
002325.SZ,2325,洪涛股份,10144876,通用,2011-12-31 00:00:00,年报,2011年报,58001001,2012-04-20 00:00:00,2013-04-23 00:00:00,CNY,2167729399.98,43.7218948126,2167729399.98,43.7218948126,,,,,,,,,,,1988851516.09,43.5123275487,1822558941.26,43.4598388414,,,,,,,,,,,,,,,,,,,73287808.94,44.782251671,47780733.5,144.3079575322,45792251.32,16.2971765916,,,-13005533.5,-46.2065482506,,,,,12437314.57,-15.6901733002,,,,,,,,,,,,,,,,,,,,,,,,,,,178877883.89,46.0938799894,475087.31,-76.2456345,,,214785.41,-68.2805833237,14765.41,-90.8280685486,,,,,179138185.79,44.7426603153,43038088.11,60.8226900339,,,,,,,136100097.68,40.306454284,,,,,,,136100097.68,40.306454284,,,135902268.24,41.6088314366,,,,,0.3,-30.2325581395,0.3,-30.2325581395,,,,,,,,,,,,,,,,,,,,,,,,,,,,,,,,,,,,,,,,,,,,,,,,,,,136100097.68,40.306454284,136100097.68,40.306454284,,,,,0.0,,,,0.0,,,,标准无保留意见
002325.SZ,2325,洪涛股份,10144876,通用,2012-03-31 00:00:00,一季报,2012一季报,58001001,2012-04-26 00:00:00,2013-04-25 00:00:00,CNY,649818049.11,57.604492997,649818049.11,57.604492997,,,,,,,,,,,592827718.3,55.2054714114,547816182.5,59.6526517762,,,,,,,,,,,,,,,,,,,21920483.76,56.2606307011,10246119.94,6.3254535116,11351359.44,93.1233299172,,,-3738928.17,-26.7576677412,,,,,5232500.83,133.5622019365,,,,,,,,,,,,,,,,,,,,,,,,,,,56990330.81,87.8006390719,,,,,,,,,,,,,56990330.81,87.6961007276,13791970.39,96.6387949064,,,,,,,43198360.42,85.0098101728,,,,,,,43198360.42,85.0098101728,0.0,,43198360.42,85.11164572,,,,,0.09,-10.0,0.09,-10.0,,,,,,,,,,,,,,,,,,,,,,,,,,,,,,,,,,,,,,,,,,,,,,,,,,,43198360.42,85.0098101728,43198360.42,85.0098101728,,,,,0.0,,,,0.0,,,,
002325.SZ,2325,洪涛股份,10144876,通用,2012-06-30 00:00:00,中报,2012中报,58001001,2012-08-29 00:00:00,2013-08-08 00:00:00,CNY,1222459600.86,40.6339922474,1222459600.86,40.6339922474,,,,,,,,,,,1119344730.26,38.5217323462,1021676279.57,37.4714049505,,,,,,,,,,,,,,,,,,,41216107.71,40.2268556216,24385750.27,25.2998005183,25768170.55,58.4763381141,,,-4786464.8,29.9968645414,,,,,11084886.96,68.062974835,,,,,,,,,,,,,,,,,,,,,,,,,0.0,,103114870.6,68.5305514472,2000000.0,957.3585280723,,,1500000.0,23494.0687656999,,,,,0.0,,103614870.6,68.8433194925,25824001.31,77.5769218211,,,,,,,77790869.29,66.1309285068,,,,,,,77790869.29,66.1309285068,,,77415869.29,65.8220435632,,,,,0.11,10.0,0.11,10.0,,,,,,,,,,,,,,,,,,,,,,,,,,,,,,,,,,,,,,,,,,,,,,,,,,,77790869.29,66.1309285068,77790869.29,66.1309285068,,,,,0.0,,,,0.0,,,,
002325.SZ,2325,洪涛股份,10144876,通用,2012-09-30 00:00:00,三季报,2012三季报,58001001,2012-10-29 00:00:00,2013-10-29 00:00:00,CNY,2154679581.0,36.614028899,2154679581.0,36.614028899,,,,,,,,,,,1969023173.16,36.778651042,1800209887.27,35.6061885236,,,,,,,,,,,,,,,,,,,72360195.29,35.7510173515,37298204.78,22.1877112537,43668827.73,42.934682087,,,-6428467.36,42.8128176508,,,,,21914525.45,146.1804379067,,,,,,,,,,,,,,,,,,,,,,,,,0.0,,185656407.84,34.8921699994,2000000.0,954.292922637,,,1756000.0,965.6283223132,,,,,0.0,,185900407.84,35.0450061485,46831911.55,42.0165639448,,,,,,,139068496.29,32.848857257,,,,,,,139068496.29,32.848857257,,,138885496.29,32.6980449878,,,,,0.2,-13.0434782609,0.2,-13.0434782609,,,,,,,,,,,,,,,,,,,,,,,,,,,,,,,,,,,,,,,,,,,,,,,,,,,139068496.29,32.848857257,139068496.29,32.848857257,,,,,,,,,,,,,
002325.SZ,2325,洪涛股份,10144876,通用,2012-12-31 00:00:00,年报,2012年报,58001001,2013-04-23 00:00:00,2014-04-25 00:00:00,CNY,2841738940.03,31.0928817986,2841738940.03,31.0928817986,,,,,,,,,,,2566977145.78,29.0683153072,2325696920.51,27.6061293745,,,,,,,,,,,,,,,,,,,95268492.18,29.9922777852,62440381.78,30.6810867188,64137780.08,40.0625176338,,,-7686396.51,40.8990295554,,,,,27119967.74,118.0532428231,,,,,,,,,,,,,,,,,,,,,,,,,0.0,,274761794.25,53.6029990264,2600050.0,447.2783518465,,,1841574.52,757.4020553817,,,,,0.0,,275520269.73,53.8032042219,71049738.54,65.0857221129,,,,,,,204470531.19,50.2354037032,,,,,,,204470531.19,50.2354037032,,,203969568.21,50.0854774917,,,,,0.3,0.0,0.3,0.0,,,,,,,,,,,,,,,,,,,,,,,,,,,,,,,,,,,,,,,,,,,,,,,,,,,204470531.19,50.2354037032,204470531.19,50.2354037032,,,,,,,,,,,,,标准无保留意见
002325.SZ,2325,洪涛股份,10144876,通用,2013-03-31 00:00:00,一季报,2013一季报,58001001,2013-04-25 00:00:00,2014-04-25 00:00:00,CNY,807885318.83,24.3248506157,807885318.83,24.3248506157,,,,,,,,,,,731460488.29,23.3850013605,664389769.26,21.2796902472,,,,,,,,,,,,,,,,,,,26166448.76,19.3698508048,12119123.68,18.2801270234,12155212.52,7.0815578015,,,-1179780.48,68.4460244659,,,,,17809714.55,240.3671614898,,,,,,,,,,,,,,,,,,,,,,,,,0.0,,76424830.54,34.1013983491,,,,,108298.4,,,,,,0.0,,76316532.14,33.9113689205,19840058.5,43.8522411155,,,,,,,56476473.64,30.7375397837,,,,,,,56476473.64,30.7375397837,0.0,,56557697.44,30.9255649754,,,,,0.08,-11.1111111111,0.08,-11.1111111111,0.0,,,,,,,,,,,,,,,,,,,,,,,,,,,,,,,,,,,,,,,,,,,,,,,,,,56476473.64,30.7375397837,56476473.64,30.7375397837,,,,,,,,,,,,,
002325.SZ,2325,洪涛股份,10144876,通用,2013-06-30 00:00:00,中报,2013中报,58001001,2013-08-08 00:00:00,2014-08-28 00:00:00,CNY,1453403444.81,18.8917362821,1453403444.81,18.8917362821,,,,,,,,,,,1313624427.38,17.3565561947,1192458586.95,16.7158923815,,,,,,,,,,,,,,,,,,,47926896.64,16.2819569893,26744957.06,9.6745302641,25989553.74,0.8591342935,,,-1365484.32,71.4719656979,,,,,21869917.31,97.2949060186,,,,,,,,,,,,,,,,,,,,,,,,,0.0,,139779017.43,35.5566046067,60120.0,-96.994,,,117873.88,-92.1417413333,,,,,0.0,,139721263.55,34.8467287957,34541887.63,33.7588517571,,,,,,,105179375.92,35.2078680698,,,,,,,105179375.92,35.2078680698,,,105222691.33,35.9187622577,,,,,0.15,36.3636363636,0.15,36.3636363636,,,,,,,,,,,,,,,,,,,,,,,,,,,,,,,,,,,,,,,,,,,,,,,,,,,105179375.92,35.2078680698,105179375.92,35.2078680698,,,,,,,,,,,,,
002325.SZ,2325,洪涛股份,10144876,通用,2013-09-30 00:00:00,三季报,2013三季报,58001001,2013-10-29 00:00:00,2014-10-30 00:00:00,CNY,2646450963.89,22.8234112963,2646450963.89,22.8234112963,,,,,,,,,,,2386006668.78,21.1771756323,2170384493.39,20.5628581832,,,,,,,,,,,,,,,,,,,87172615.58,20.470398443,41922954.17,12.3993887032,41367283.23,-5.2704517608,,,-1661182.73,74.1589614293,,,,,46820505.14,113.6505545001,,,,,,,,,,,,,,,,,,,,,,,,,0.0,,260444295.11,40.2829550243,863159.57,-56.8420215,,,122617.48,-93.0172277904,,,,,0.0,,261184837.2,40.4971835375,64960442.79,38.7097827955,,,,,,,196224394.41,41.0990983902,,,,,,,196224394.41,41.0990983902,,,195736637.84,40.9338217947,,,,,0.28,40.0,0.28,40.0,0.0,,,,,,,,,,,,,,,,,,,,,,,,,,,,,,,,,,,,,,,,,,,,,,,,,,196224394.41,41.0990983902,196224394.41,41.0990983902,0.0,,,,,,,,,,,,
002325.SZ,2325,洪涛股份,10144876,通用,2013-12-31 00:00:00,年报,2013年报,58001001,2014-04-25 00:00:00,2015-04-28 00:00:00,CNY,3545650688.25,24.7704579159,3545650688.25,24.7704579159,,,,,,,,,,,3206680566.88,24.9204953831,2892510560.15,24.3717758166,,,,,,,,,,,,,,,,,,,117191603.87,23.0119226077,68981340.9,10.4755271085,64901690.28,1.1910455882,,,-559548.12,92.7202803125,,,,,63654919.8,134.7160601748,,,,,,,,,,,,,,,,,,,,,,,,,0.0,,338970121.37,23.3687246421,1632705.71,-37.2048341378,,,129360.53,-92.9755473593,23952.23,,,,0.0,,340473466.55,23.5747434785,60951084.96,-14.2134985821,,,,,,,279522381.59,36.7054606662,,,,,,,279522381.59,36.7054606662,,,278244538.19,36.4147311934,,,,,0.4,33.3333333333,0.4,33.3333333333,,,,,,,,,,,,,,,,,,,,,,,,,,,,,,,,,,,,,,,,,,,,,,,,,,,279522381.59,36.7054606662,279522381.59,36.7054606662,,,,,,,,,,,,,标准无保留意见
002325.SZ,2325,洪涛股份,10144876,通用,2014-03-31 00:00:00,一季报,2014一季报,58001001,2014-04-25 00:00:00,2015-04-28 00:00:00,CNY,1045561187.87,29.4195059002,1045561187.87,29.4195059002,,,,,,,,,,,948378397.89,29.6554513979,854445004.05,28.6059845566,,,,,,,,,,,,,,,,,,,34438851.52,31.6145413383,17250350.08,42.3399128146,19788157.09,62.7956488415,,,3368989.1,385.560674813,,,,,19087046.05,7.1721054058,,,,,,,,,,,,,,,,,,,,,,,,,0.0,,97182789.98,27.1612763723,1038402.85,,,,28081.09,-74.0706326225,,,,,0.0,,98193111.74,28.6655839653,14827713.7,-25.263760185,,,,,,,83365398.04,47.6108415894,,,,,,,83365398.04,47.6108415894,,,82504923.67,45.8774444584,,,,,0.1,25.0,0.1,25.0,,,,,,,,,,,,,,,,,,,,,,,,,,,,,,,,,,,,,,,,,,,,,,,,,,,83365398.04,47.6108415894,83365398.04,47.6108415894,,,,,,,,,,,,,
002325.SZ,2325,洪涛股份,10144876,通用,2014-06-30 00:00:00,中报,2014中报,58001001,2014-08-28 00:00:00,2015-08-29 00:00:00,CNY,1828894251.41,25.8352770486,1828894251.41,25.8352770486,,,,,,,,,,,1654784821.58,25.9709234306,1477733747.38,23.9232761248,,,,,,,,,,,,,,,,,,,60749158.97,26.7537921896,36019827.23,34.6789495649,41039786.53,57.9087772748,,,7515646.98,650.4015586206,,,,,31726654.49,45.069842013,,,,,,,,,,,,,,,,,,,,,,,,,0.0,,174109429.83,24.5604905738,1129682.09,1779.0453925482,,,52605.53,-55.3713426588,50604.24,,,,0.0,,175186506.39,25.3828529308,26996962.2,-21.8428289468,,,,,,,148189544.19,40.8922071402,,,,,,,148022390.27,40.7332844251,167153.92,,147106875.19,39.8052771038,,,,,0.18,20.0,0.18,20.0,,,,,,,,,,,,,,,,,,,,,,,,,,,,,,,,,,,,,,,,,,,,,,,,,,,148189544.19,40.8922071402,148022390.27,40.7332844251,167153.92,,,,,,,,,,,,
002325.SZ,2325,洪涛股份,10144876,通用,2014-09-30 00:00:00,三季报,2014三季报,58001001,2014-10-30 00:00:00,2015-10-30 00:00:00,CNY,2894185734.96,9.3610187549,2894185734.96,9.3610187549,,,,,,,,,,,2589003708.0,8.5078152495,2321647601.7,6.9694152705,,,,,,,,,,,,,,,,,,,96370145.27,10.5509392242,51849507.3,23.6780859711,55930928.76,35.2057094227,,,9687342.96,683.159383074,,,,,53518182.01,14.3050077097,,,,,,,,,,,,,,,,,,,,,,,,,0.0,,305182026.96,17.1774666176,1253222.43,45.1901216828,,,221505.99,80.6479712354,,,,,0.0,,306213743.4,17.2402451393,50571613.49,-22.150140427,,,,,,,255642129.91,30.2805039499,,,,,,,255699083.58,30.3095287152,-56953.67,,254822124.83,30.1862173796,,,,,0.26,-7.1428571429,0.25,-10.7142857143,0.0,,,,,,,,,,,,,,,,,,,,,,,,,,,,,,,,,,,,,,,,,,,,,,,,,,255642129.91,30.2805039499,255699083.58,30.3095287152,-56953.67,,,,,,,,,,,,
002325.SZ,2325,洪涛股份,10144876,通用,2014-12-31 00:00:00,年报,2014年报,58001001,2015-04-28 00:00:00,2016-04-30 00:00:00,CNY,3392640877.0,-4.3154226037,3392640877.0,-4.3154226037,,,,,,,,,,,3042622167.88,-5.1161441116,2712973609.8,-6.2069592009,,,,,,,,,,,,,,,,,,,114917481.64,-1.9405163467,76874656.92,11.442682785,92412415.27,42.3883027874,,,14884671.0,2760.1234939365,,,,,30559333.25,-51.9921895338,,,,,,,,,,,,,,,,,,,,,,,,,0.0,,350018709.12,3.2594577084,2267746.95,38.8950216877,,,1380296.11,967.0148846793,46824.24,95.4901067667,,,0.0,,350906159.96,3.0641722293,56810055.23,-6.7940213578,,,,,,,294096104.73,5.2137947084,,,,,,,295443825.44,5.6959459774,-1347720.71,,294564438.88,5.8653085506,,,,,0.32,-20.0,0.32,-20.0,,,,,,,,,,,,,,,,,,,,,,,,,,,,,,,,,,,,,,,,,,,,,,,,,,,294096104.73,5.2137947084,295443825.44,5.6959459774,-1347720.71,,,,,,,,,,,,标准无保留意见
002325.SZ,2325,洪涛股份,10144876,通用,2015-03-31 00:00:00,一季报,2015一季报,58001001,2015-04-28 00:00:00,2016-04-30 00:00:00,CNY,926798067.82,-11.3587919509,926798067.82,-11.3587919509,,,,,,,,,,,827876786.23,-12.7060687936,752130495.23,-11.9743820065,,,,,,,,,,,,,,,,,,,30276194.37,-12.0870963063,9549024.74,-44.6444582532,20100723.75,1.5795642746,,,-1767261.13,-152.456718545,,,,,17587609.27,-7.8557822728,,,,,,,,,,,,,,,,,,,,,,,,,0.0,,98921281.59,1.7888883519,1179800.28,13.6168183668,,,280458.5,898.7450629587,,,,,0.0,,99820623.37,1.6574600816,17018158.8,14.7726422584,,,,,,,82802464.57,-0.6752603397,,,,,,,85254988.02,2.2666358278,-2452523.45,,84490547.51,2.4066731435,,,,,0.09,-10.0,0.09,-10.0,,,,,,,,,,,,,,,,,,,,,,,,,,,,,,,,,,,,,,,,,,,,,,,,,,,82802464.57,-0.6752603397,85254988.02,2.2666358278,-2452523.45,,,,,,,,,,,,
002325.SZ,2325,洪涛股份,10144876,通用,2015-06-30 00:00:00,中报,2015中报,58001001,2015-08-29 00:00:00,2016-08-27 00:00:00,CNY,1588522881.33,-13.1429889888,1588522881.33,-13.1429889888,,,,,,,,,,,1417269372.98,-14.3532527917,1253577964.97,-15.1688883608,,,,,,,,,,,,,,,,,,,51630518.34,-15.0103158375,26341069.31,-26.8706394903,52321518.14,27.4897424278,,,1311516.56,-82.549518844,,,,,32086785.66,1.1351060356,,,,,,,,,,,,,,,,,,,,,,,,,0.0,,171253508.35,-1.640302586,4892595.19,333.094870965,,,294988.45,460.755589764,7213.45,-85.7453644201,,,0.0,,175851115.09,0.3793720839,29983386.45,11.0620751619,,,,,,,145867728.64,-1.5667876993,,,,,,,152367364.34,2.9353492144,-6499635.7,-3988.4135651739,148495663.8,0.9440677794,,,,,0.12,-33.3333333333,0.12,-33.3333333333,,,,,,,,,,,,,,,,,,,,,,,,,,,,,,,,,,,,,,,,,,,,,,,,,,,145867728.64,-1.5667876993,152367364.34,2.9353492144,-6499635.7,-3988.4135651739,,,,,,,,,,,
002325.SZ,2325,洪涛股份,10144876,通用,2015-09-30 00:00:00,三季报,2015三季报,58001001,2015-10-30 00:00:00,2016-10-29 00:00:00,CNY,2380839719.77,-17.7371482759,2380839719.77,-17.7371482759,,,,,,,,,,,2081693884.31,-19.5947893826,1787213011.62,-23.0196257903,,,,,,,,,,,,,,,,,,,78568209.88,-18.4724588099,63933693.74,23.3062705304,95299055.2,70.3870422194,,,10553787.99,8.9440936857,,,,,46126125.88,-13.8122332493,,,,,,,,,,,,,,,,,,,,,,,,,0.0,,299145835.46,-1.9778987512,5065461.61,304.1949368876,,,1400302.27,532.1735452843,62460.89,,,,0.0,,302810994.8,-1.1112331413,47762885.71,-5.5539611774,,,,,,,255048109.09,-0.2323642117,,,,,,,258601983.12,1.1352796026,-3553874.03,-6139.9385851693,255560751.79,0.289859823,,,,,0.22,-15.3846153846,0.21,-16.0,,,,,,,,,,,,,,,,,,,,,,,,,,,,,,,,,,,,,,,,,,,,,,,,,,,255048109.09,-0.2323642117,258601983.12,1.1352796026,-3553874.03,-6139.9385851693,,,,,,,,,,,
002325.SZ,2325,洪涛股份,10144876,通用,2015-12-31 00:00:00,年报,2015年报,58001001,2016-04-30 00:00:00,2017-04-28 00:00:00,CNY,3006340271.23,-11.386427853,3006340271.23,-11.386427853,,,,,,,,,,,2625656770.48,-13.7041464366,2215303186.23,-18.3440937933,,,,,,,,,,,,,,,,,,,99327994.67,-13.5658097859,104219571.13,35.5707788569,146173377.55,58.175042956,,,20160010.43,35.4414244695,,,,,40472630.47,32.4395075603,,,,,,,26211807.79,,577513.72,,,,,,,,,,,,,,,,0.0,,406895308.54,16.2495883614,6868735.17,202.8880788485,141827.0,,1491848.23,8.0817528349,107316.46,129.1899665643,,,0.0,,412272195.48,17.4878763961,69668211.83,22.6335928524,,,,,,,342603983.65,16.4938869097,,,,,,,357503847.43,21.0056926719,-14899863.78,-1005.5602002287,331429306.5,12.515043486,,,,,0.36,12.5,0.36,12.5,,,,,,,,,,,,,,,,,,,,,,,,,,,,,,,,,,,,,,,,,,,,,,,,,,,342603983.65,16.4938869097,357503847.43,21.0056926719,-14899863.78,-1005.5602002287,,,,,,,,,,,标准无保留意见
002325.SZ,2325,洪涛股份,10144876,通用,2016-03-31 00:00:00,一季报,2016一季报,58001001,2016-04-30 00:00:00,2017-04-28 00:00:00,CNY,959271123.88,3.5037897885,959271123.88,3.5037897885,,,,,,,,,,,860511228.63,3.9419443742,728729625.8,-3.1112778405,,,,,,,,,,,,,,,,,,,31934858.45,5.4784430954,41683195.34,336.517827474,36000124.51,79.0986481768,,,6574073.57,471.9922007225,,,,,15589350.96,-11.3617392752,,,,,,,,,,,,,,,,,,,,,,,,,0.0,,98759895.25,-0.1631462284,1067739.67,-9.4982694868,,,345286.41,23.1149742297,375.0,,,,0.0,,99482348.51,-0.3388827364,19322533.52,13.5406817334,,,,,,,80159814.99,-3.1915107765,,,,,,,82033324.57,-3.7788562579,-1873509.58,23.6089024959,81419239.3,-3.6350909072,,,,,0.08,-11.1111111111,0.08,-11.1111111111,,,,,,,,,,,,,,,,,,,,,,,,,,,,,,,,,,,,,,,,,,,,,,,,,,,80159814.99,-3.1915107765,82033324.57,-3.7788562579,-1873509.58,23.6089024959,,,,,,,,,,,
002325.SZ,2325,洪涛股份,10144876,通用,2016-06-30 00:00:00,中报,2016中报,58001001,2016-08-27 00:00:00,2017-08-25 00:00:00,CNY,1691229723.9,6.4655563843,1691229723.9,6.4655563843,,,,,,,,,,,1551390358.64,9.4633376137,1286238177.76,2.6053595151,,,,,,,,,,,,,,,,,,,35965270.93,-30.3410616698,87323971.72,231.5126303048,94461060.38,80.5396015598,,,17783462.11,1255.946440356,,,,,29618415.74,-7.692792747,,,,,,,1378004.48,,,,,,,,,,,,,,,,,,0.0,,141217369.74,-17.5389916968,2709930.1,-44.6116019257,9564.4,,593138.55,101.0717877259,375.0,-94.8013779814,,,0.0,,143334161.29,-18.4911843086,26450057.33,-11.7842896962,,,,,,,116884103.96,-19.8697991326,,,,,,,125177516.54,-17.8449288782,-8293412.58,-27.5981141528,123374522.05,-16.91708775,,,,,0.1,-16.6666666667,0.1,-16.6666666667,,,,,,,,,,,,,,,,,,,,,,,,,,,,,,,,,,,,,,,,,,,,,,,,,,,116884103.96,-19.8697991326,125177516.54,-17.8449288782,-8293412.58,-27.5981141528,,,,,,,,,,,
002325.SZ,2325,洪涛股份,10144876,通用,2016-09-30 00:00:00,三季报,2016三季报,58001001,2016-10-29 00:00:00,2017-10-28 00:00:00,CNY,2671943941.2,12.2269558514,2671943941.2,12.2269558514,,,,,,,,,,,2445808986.83,17.4912894381,2055173219.49,14.9931880603,,,,,,,,,,,,,,,,,,,38960294.44,-50.4121393379,145419272.87,127.4532634723,126258744.46,32.4868795341,,,32111403.3,204.2642445577,,,,,47886052.27,3.8154654362,,,,,,,3027176.77,,,,,,,,,,,,,,,,,,0.0,,229162131.14,-23.3945106447,15554647.92,207.0726642029,10314.4,,851786.15,-39.1712655011,9956.67,-84.0593529807,,,0.0,,243864992.91,-19.4662686964,46837258.23,-1.9379638944,,,,,,,197027734.68,-22.7487961456,,,,,,,209996740.47,-18.7953866647,-12969005.79,-264.9258718942,197495076.23,-22.7208893202,,,,,0.17,-22.7272727273,0.16,-23.8095238095,,,,,,,,,,,,,,,,,,,,,,,,,,,,,,,,,,,,,,,,,,,,,,,,,,,197027734.68,-22.7487961456,209996740.47,-18.7953866647,-12969005.79,-264.9258718942,,,,,,,,,,,
002325.SZ,2325,洪涛股份,10144876,通用,2016-12-31 00:00:00,年报,2016年报,58001001,2017-04-28 00:00:00,2018-04-27 00:00:00,CNY,2877123982.41,-4.2981258661,2877123982.41,-4.2981258661,,,,,,,,,,,2740615456.74,4.3782830853,2163594744.93,-2.3341473809,,,,,,,,,,,0.0,,,,,,,,41180394.05,-58.5409992552,222166571.26,113.1716421889,159520092.28,9.1307425153,,,54037851.05,168.0447574054,,,,,100115803.17,147.3666821439,,,0.0,,-1689849.0,,3761074.0,-85.651222418,3761074.0,551.2527529216,,,,,-245168.57,,,,,,,,,,0.0,,138334582.1,-66.0024140862,20214340.58,194.2949477553,9564.4,-93.2562911152,6068469.83,306.7752810217,254732.97,137.3661691785,0.0,,0.0,,152480452.85,-63.0146164302,33633519.52,-51.7232915321,,,,,,,118846933.33,-65.3106971893,,,,,,,130805792.08,-63.4113610188,-11958858.75,19.7384692466,120356924.36,-63.685491295,,,,,0.11,-69.4444444444,0.11,-69.4444444444,,,,,,,,,,,,,,,,,,,,,,,,,,,,,,,,,,,,,,,,,,,,,,,,,,,118846933.33,-65.3106971893,130805792.08,-63.4113610188,-11958858.75,19.7384692466,,,,,,,,,,,标准无保留意见
002325.SZ,2325,洪涛股份,10144876,通用,2017-03-31 00:00:00,一季报,2017一季报,58001001,2017-04-28 00:00:00,2018-04-27 00:00:00,CNY,729531018.88,-23.9494444564,729531018.88,-23.9494444564,,,,,,,,,,,668234598.03,-22.3444650346,561688273.75,-22.922267208,,,,,,,,,,,0.0,,,,,,,,3396810.63,-89.363313962,50746601.8,21.7435500951,38914010.88,8.0941008112,,,17920564.82,172.5945280226,,,,,-4431663.85,-128.4275070936,,,0.0,,,,,,,,,,,,,,,,,,,,,,0.0,,61296420.85,-37.9338944266,2401573.34,124.921243209,1210.0,,471159.57,36.4547101637,12077.21,3120.5893333333,0.0,,0.0,,63226834.62,-36.4441676669,14183205.39,-26.5975894138,,,,,,,49043629.23,-38.8176865976,,,,,,,50323809.14,-38.6544317157,-1280179.91,31.6694227953,48822104.48,-40.0361574245,,,,,0.04,-50.0,0.04,-50.0,,,,,,,,,,,,,,,,,,,,,,,,,,,,,,,,,,,,,,,,,,,,,,,,,,,49043629.23,-38.8176865976,50323809.14,-38.6544317157,-1280179.91,31.6694227953,,,,,,,,,,,
002325.SZ,2325,洪涛股份,10144876,通用,2017-06-30 00:00:00,中报,2017中报,58001001,2017-08-25 00:00:00,2018-08-30 00:00:00,CNY,1950983200.17,15.3588523545,1950983200.17,15.3588523545,,,,,,,,,,,1834953187.33,18.277980594,1553119160.71,20.7489551752,,,,,,,,,,,0.0,,,,,,,,7164732.86,-80.0787463163,106098621.46,21.4999952135,96335237.79,1.984074075,,,39495876.16,122.0932904723,,,,,32739558.35,10.5378445539,,,0.0,,,,2607322.7,89.210030725,,,,,,,,,,,,,4977627.29,,,,0.0,,123614962.83,-12.4647604912,165993.06,-93.8746368403,756.0,-92.095688177,664385.2,12.0118056734,13348.21,3459.5226666667,0.0,,0.0,,123116570.69,-14.1052142895,26688846.99,0.9027944893,,,,,,,96427723.7,-17.5014219786,,,96427723.7,,,,103624126.08,-17.2182601603,-7196402.38,13.2274885569,100074159.08,-18.8858790152,,,,,0.08,-20.0,0.08,-20.0,,,,,,,,,,,,,,,,,,,,,,,,,,,,,,,,,,,,,,,,,,,,,,,,,,,96427723.7,-17.5014219786,103624126.08,-17.2182601603,-7196402.38,13.2274885569,,,,,,,,,,,
002325.SZ,2325,洪涛股份,10144876,通用,2017-09-30 00:00:00,三季报,2017三季报,58001001,2017-10-28 00:00:00,2018-10-30 00:00:00,CNY,2543707229.53,-4.7993788228,2543707229.53,-4.7993788228,,,,,,,,,,,2386467540.41,-2.4262502403,2011184935.64,-2.1403686771,,,,,,,,,,,0.0,,,,,,,,12444619.48,-68.0581996135,141246179.98,-2.8696972606,146016893.97,15.6489355209,,,51824099.7,61.3884613383,115591131.52,,-66761668.28,,23750811.64,-50.4013997519,,,0.0,,,,4470965.61,47.6942362372,,,,,,,,,,,,,,,,,0.0,,161710654.73,-29.4339540632,5840261.33,-62.4532721021,180230.68,1647.369502831,1171771.07,37.5663445573,13348.21,34.0629949571,0.0,,0.0,,166379144.99,-31.7740758915,36300341.9,-22.4968683655,,,,,,,130078803.09,-33.9794454312,,,,,,,135581980.05,-35.4361502247,-5503176.96,57.5667013408,131587125.03,-33.3719465103,,,,,0.11,-35.2941176471,0.11,-31.25,,,,,,,,,,,,,,,,,,,,,,,,,,,,,,,,,,,,,,,,,,,,,,,,,,,130078803.09,-33.9794454312,135581980.05,-35.4361502247,-5503176.96,57.5667013408,,,,,,,,,,,
002325.SZ,2325,洪涛股份,10144876,通用,2017-12-31 00:00:00,年报,2017年报,58001001,2018-04-27 00:00:00,2019-04-27 00:00:00,CNY,3330875526.31,15.7710111443,3330875526.31,15.7710111443,,,,,,,,,,,3253113834.63,18.7001199541,2568708011.7,18.7240825815,,,,,4545558.95,,,,,,0.0,,,,,,,,15979300.0,-61.1968258958,226805980.89,2.0882572944,217141445.5,36.1216899993,,,155125155.56,187.0675878959,,,,,64808382.03,-35.2665813209,,,0.0,,,,75778868.38,1914.8199259041,4903865.44,30.3847103248,,,,,339827.67,238.6098022271,,,,,6746754.81,,,,0.0,,160627142.54,16.1149584591,13725911.23,-32.0981499462,,,4410847.42,-27.315327528,,,0.0,,0.0,,169942206.35,11.4517980329,41742494.73,24.1098027376,,,,,,,128199711.62,7.8696000208,,,128199711.62,,,,137187732.36,4.8789431863,-8988020.74,24.8421531862,59951420.55,-50.1886402724,,,,,0.11,0.0,0.11,0.0,,,,,,,,,,,,,,,,,,,,,,,,,,,,,,,,,,,,,,,,,,,,,,,,,,,128199711.62,7.8696000208,137187732.36,4.8789431863,-8988020.74,24.8421531862,,,,,,,,,,,标准无保留意见
002325.SZ,2325,洪涛股份,10144876,通用,2018-03-31 00:00:00,一季报,2018一季报,58001001,2018-04-27 00:00:00,2019-04-27 00:00:00,CNY,861100027.22,18.0347380625,861100027.22,18.0347380625,,,,,,,,,,,784081008.15,17.3361885873,678471979.93,20.7915514063,,,,,29337596.05,,,,,,0.0,,,,,,,,3895176.89,14.6715938651,34811403.94,-31.4015072828,39150363.14,0.6073705965,,,29758564.44,66.0581836505,48823627.15,,21851633.77,,-31344076.24,-607.2755809311,,,0.0,,,,,,,,,,25366.4,,-125615.0,,,,,,,,,,0.0,,76918770.47,25.4865608846,66015.36,-97.2511620236,,,207310.04,-56.000036251,,,0.0,,0.0,,76777475.79,21.4317880239,23112461.92,62.956548146,,,,,,,53665013.87,9.4230070502,,,,,,,56386052.42,12.0464714091,-2721038.55,-112.5512616426,56629377.98,15.9912678553,,,,,0.05,25.0,0.05,25.0,,,,,,,,,,,,,,,,,,,,,,,,,,,,,,,,,,,,,,,,,,,,,,,,,,,53665013.87,9.4230070502,56386052.42,12.0464714091,-2721038.55,-112.5512616426,,,,,,,,,,,
002325.SZ,2325,洪涛股份,10144876,通用,2018-06-30 00:00:00,中报,2018中报,58001001,2018-08-30 00:00:00,2019-08-13 00:00:00,CNY,2040941466.11,4.6109195575,2040941466.11,4.6109195575,,,,,,,,,,,1874360604.68,2.1475979672,1601182448.13,3.0946297384,,,,,57348100.22,,,,,,0.0,,,,,,,,7486577.85,4.4920724372,64298803.7,-39.397135594,81341786.53,-15.5638285678,,,62702888.25,58.7580637431,108972519.26,,-49515395.04,,33621261.59,2.6930822663,,,0.0,,,,2942746.05,12.8646657355,,,,,5504.1,,,,,,-33621261.59,,135699.01,-97.2738213994,,,0.0,,136043549.0,10.0542732736,835895.59,403.5726132165,,,842219.04,26.7666769218,,,0.0,,0.0,,136037225.55,10.4946513598,34990846.69,31.106625562,,,,,,,101046378.86,4.7897585702,,,101046378.86,4.7897585702,,,109964768.87,6.1188866241,-8918390.01,-23.928451177,110051860.49,9.9703075217,,,,,0.0881,10.125,0.09,12.5,58143.15,,40700.2,,17442.95,,,,,,,,,,,,,,,,,,,,40700.2,,,,,,,,,,,,,,,,40700.2,,,,,,,,,,101104522.01,4.8500557003,110005469.07,6.1581633847,-8900947.06,-23.6860668705,,,,,,,,,,,
002325.SZ,2325,洪涛股份,10144876,通用,2018-09-30 00:00:00,三季报,2018三季报,58001001,2018-10-30 00:00:00,2019-10-29 00:00:00,CNY,3043895065.0,19.6637344763,3043895065.0,19.6637344763,,,,,,,,,,,2843908402.66,19.1681158241,2393494684.26,19.009179208,,,,,82845560.88,,,,,,0.0,,,,,,,,10958840.51,-11.9391273666,91886384.43,-34.9459330914,161087503.83,10.3211412394,,,103635428.75,99.9753577002,160968037.3,39.2563903332,65841093.43,198.621102687,43606975.59,83.6020437995,,,0.0,,,,2942746.05,-34.1809732685,2942746.05,,,,-35560.38,,1231.6,,,,-43606975.59,,2000699.0,,,,0.0,,161324363.4,-0.2388780941,20127768.38,244.6381461838,,,1584722.59,35.241655181,,,0.0,,0.0,,179867409.19,8.1069440529,45461524.17,25.2371790195,,,,,,,134405885.02,3.3265081068,,,134405885.02,,,,141527090.67,4.3848825764,-7121205.65,-29.4017201657,124183814.45,-5.6261663733,,,,,0.1132,2.9090909091,0.1298,18.0,,,,,,,,,,,,,,,,,,,,,,,,,,,,,,,,,,,,,,,,,,,,,,,,,,,134405885.02,3.3265081068,141527090.67,4.3848825764,-7121205.65,-29.4017201657,,,,,,,,,,,
002325.SZ,2325,洪涛股份,10144876,通用,2018-12-31 00:00:00,年报,2018年报,58001001,2019-04-27 00:00:00,2020-05-16 00:00:00,CNY,3925766803.46,17.8599071761,3925766803.46,17.8599071761,,,,,,,,,,,3854807078.38,18.4959172761,3132481248.83,21.9477353814,,,,,110487526.9,2330.6697617462,,,,,,,,,,,,,17421600.11,9.0260531438,147331288.02,-35.0408276528,245365206.89,12.9978693496,,,201720207.63,30.0370703267,226685340.0,,31736009.66,,566325199.63,773.8456074522,,,,,,,63505767.43,-16.1959411804,6881307.54,40.3241509008,,,,,-32470.46,-109.554978263,-566325199.63,,,,7862668.72,16.5400098481,,,0.0,,-424029508.86,-363.9837216518,23699305.58,72.6610727906,,,5123634.29,16.1598623151,,,,,0.0,,-405453837.57,-338.583366827,13360102.85,-67.9940000318,,,,,,,-418813940.42,-426.6886759164,,,-418813940.42,-426.6886759164,,,-421957275.6,-407.5765364302,3143335.18,134.9724958467,-479451778.33,-899.7338076921,,,,,-0.3377,-407.0,-0.3075,-379.5454545455,1249758.66,,874831.06,,374927.6,,,,,,,,,,,,,,,,,,,,874831.06,,,,,,,,,,,,,,,,874831.06,,,,,,,,,,-417564181.76,-425.7138229747,-421082444.54,-406.9388474437,3518262.78,139.1439103422,,,,,,,,,,,标准无保留意见
002325.SZ,2325,洪涛股份,10144876,通用,2019-03-31 00:00:00,一季报,2019一季报,58001001,2019-04-27 00:00:00,2020-04-30 00:00:00,CNY,1193182514.52,38.5649142727,1193182514.52,38.5649142727,,,,,,,,,,,1079726454.22,37.7059822897,902872911.36,33.0744582043,,,,,26342891.91,-10.2077352722,,,,,,,,,,,,,3760716.49,-3.4519715997,29027695.29,-16.6144079106,67656090.23,72.8108880831,,,50066148.94,68.2411429521,49494394.18,1.3738574316,3976720.2,-81.8012683086,8771935.74,127.9859443706,,,,,,,,,,,,,,,,,-8771935.74,,,,61538.74,,,,0.0,,104745663.3,36.1769860074,78781.15,19.3376056724,,,232255.73,12.0330351584,,,,,0.0,,104592188.72,36.2276991316,22324987.68,-3.4071413194,,,,,,,82267201.04,53.2976423695,,,82267201.04,,,,69419078.55,23.1139183728,12848122.49,572.1771578723,69542724.74,22.803264349,,,,,0.06,20.0,0.06,20.0,,,,,,,,,,,,,,,,,,,,,,,,,,,,,,,,,,,,,,,,,,,,,,,,,,,82267201.04,53.2976423695,69419078.55,23.1139183728,12848122.49,572.1771578723,,,,,,,,,,,
002325.SZ,2325,洪涛股份,10144876,通用,2019-06-30 00:00:00,中报,2019中报,58001001,2019-08-10 00:00:00,2020-08-29 00:00:00,CNY,1906188579.29,-6.6024866003,1906188579.29,-6.6024866003,,,,,,,,,,,1814830997.57,-3.1759954281,1477522729.51,-7.7230248661,,,,,46350990.89,-19.17606562,,,,,,,,,,,,,6540332.28,-12.6392270134,49056968.06,-23.7046955199,138914442.14,70.7786957553,,,96445534.69,53.8135441313,97190221.39,-10.8121735186,6602846.25,113.3349360228,,,,,,,,,8015537.39,172.3829122122,,,,,,,,,,,23086155.11,168.6653445416,3084819.65,2173.2808809733,,,0.0,,125544093.87,-7.7177162807,93341.57,-88.833345801,,,466207.57,-44.645330032,,,,,0.0,,125171227.87,-7.9875178548,27589294.24,-21.1528246675,,,,,,,97581933.63,-3.4285694046,,,97581933.63,-3.4285694046,,,79443128.78,-27.7558352585,18138804.85,303.3865398313,77292909.8,-29.7668304235,,,,,0.0636,-27.809307605,0.0749,-16.7777777778,707701.85,1117.1714982762,495391.29,1117.1716355202,212310.56,1117.1711780404,,,,,,,,,,,,,,,,,,,495391.29,1117.1716355202,,,,,,,,,,,,,,,495391.29,1117.1716355202,,,,,,,,,98289635.48,-2.7841351445,79938520.07,-27.3322310738,18351115.41,306.1703691337,,,,,,,,,,,
002325.SZ,2325,洪涛股份,10144876,通用,2019-09-30 00:00:00,三季报,2019三季报,58001001,2019-10-29 00:00:00,2020-10-29 00:00:00,CNY,2910557832.21,-4.3804805995,2910557832.21,-4.3804805995,,,,,,,,,,,2804923129.4,-1.3708343498,2314885100.0,-3.284301602,,,,,80070406.68,-3.3497922768,,,,,,,,,,,,,8857589.48,-19.1740269245,67178166.15,-26.8899668142,197143382.35,22.38279051,,,136788484.74,31.9900794447,143503073.61,-10.8499575338,12313840.19,-81.2976371617,,,,,,,,,3494062.14,18.73474913,2795368.81,-5.0081535238,,,,,-1289.47,-204.6987658331,,,59953413.02,237.4858315873,3499430.47,74.9103923179,,,0.0,,172580318.97,6.9772198897,578992.67,-97.1234134899,,,3147974.83,98.6451666597,,,,,0.0,,170011336.81,-5.4796321493,33975312.63,-25.2657862879,,,,,,,136036024.18,1.2128480533,,,136036024.18,1.2128480533,,,107972752.85,-23.7087738193,28063271.33,494.0803384888,107541531.67,-13.4013299992,,,,,0.0864,-23.6749116608,0.0934,-28.0431432974,3309638.06,,2316746.64,,992891.42,,,,,,,,,,,,,,,,,,,,2316746.64,,,,,,,,,,,,,,,,2316746.64,,,,,,,,,,139345662.24,3.6752685489,110289499.49,-22.0718104443,29056162.75,508.0230817376,,,,,,,,,,,
002325.SZ,2325,洪涛股份,10144876,通用,2019-12-31 00:00:00,年报,2019年报,58001001,2020-04-30 00:00:00,2021-04-29 00:00:00,CNY,4030647812.96,2.6716056952,4030647812.96,2.6716056952,,,,,,,,,,,3863555339.53,0.2269442017,3239555743.07,3.4182006446,,,,,95629063.1,-13.4480915782,,,,,,,,,,,,,14910126.68,-14.4158597037,91332052.03,-38.0090588649,265074082.54,8.0324655235,,,157054272.11,-22.1425191084,202580851.03,-10.6334573599,59968558.26,88.9606125737,,,,,,,,,7522241.32,-88.1550265048,7922200.57,15.1263843964,,,,,189712.25,684.2610483498,-13932697.76,97.5398061451,-79260102.51,,13280398.06,68.904458943,,,0.0,,94892024.79,122.3786370541,1634121.1,-93.1047722285,,,5742679.55,12.0821515542,,,,,0.0,,90783466.34,122.3905801174,11030433.53,-17.4375103707,,,,,,,79753032.81,119.0425926916,,,79753032.81,119.0425926916,,,36517798.3,108.6543828989,43235234.51,1275.457341778,31428990.06,106.5551931353,,,,,0.0292,108.646727865,0.0292,109.4959349593,2314507.71,85.1963730341,1620155.4,85.1963738004,694352.31,85.1963712461,,,,,,,,,,,,,,,,,,,1620155.4,85.1963738004,,,,,,,,,,,,,,,1620155.4,85.1963738004,,,,,,,,,82067540.52,119.653874567,38137953.7,109.0571227071,43929586.82,1148.6158529637,,,,,,,,,,,标准无保留意见
002325.SZ,2325,洪涛股份,10144876,通用,2020-03-31 00:00:00,一季报,2020一季报,58001001,2020-04-30 00:00:00,2021-04-29 00:00:00,CNY,824931428.22,-30.8629301736,824931428.22,-30.8629301736,,,,,,,,,,,774319602.26,-28.2855764779,652850729.16,-27.6918466657,,,,,19963583.06,-24.216433305,,,,,,,,,,,,,1863777.56,-50.4408916504,17622132.87,-39.292001332,43462943.03,-35.7590087127,,,38556436.58,-22.9890107461,41539720.99,-16.0718669696,5385175.57,35.4175124013,,,,,,,,,,,,,,,,,,,,,-31023474.7,,1472078.7,2292.1170631703,,,0.0,,21060429.96,-79.8937451953,126000.03,59.9367742157,,,1593329.77,586.0238797984,,,,,0.0,,19593100.22,-81.2671477098,4665543.11,-79.1016990608,,,,,,,14927557.11,-81.8547891246,,,14927557.11,-81.8547891246,,,6365571.05,-90.8302282557,8561986.06,-33.3600215388,6820110.97,-90.192919539,,,,,0.0051,-91.5,0.0051,-91.5,-83956.6,,-58769.62,,-25186.98,,,,,,,,,,,,,,,,,,,,-58769.62,,,,,,,,,,,,,,,,-58769.62,,,,,,,,,,14843600.51,-81.9568426756,6306801.43,-90.9148874319,8536799.08,-33.5560578081,,,,,,,,,,,
002325.SZ,2325,洪涛股份,10144876,通用,2020-06-30 00:00:00,中报,2020中报,58001001,2020-08-29 00:00:00,2021-11-18 00:00:00,CNY,1813761279.26,-4.8488014793,1813761279.26,-4.8488014793,,,,,,,,,,,1719361846.82,-5.2604981333,1467916085.37,-0.6501858786,,,,,36736840.93,-20.742059178,,,,,,,,,,,,,3570677.76,-45.4052545477,32155535.88,-34.4526636039,98860620.72,-28.8334465466,,,80122086.16,-16.9250433236,85547349.46,-11.9794684727,8653872.65,31.0627617597,,,,,,,,,8367002.81,4.3848017032,,,,,,,1683.0,,,,-70145794.6,-403.8435558705,6194997.67,100.8220373596,,,0.0,,38817321.32,-69.0807268399,216317.02,131.7477839724,,,1823623.54,291.1612889512,,,,,0.0,,37210014.8,-70.2727092854,4309449.7,-84.3799929693,,,,,,,32900565.1,-66.2841635986,,,32900565.1,-66.2841635986,,,16105171.01,-79.7274210403,16795394.09,-7.406280464,12882881.84,-83.3323886067,,,,,0.0129,-79.7169811321,0.0186,-75.1668891856,2335690.23,230.0387345321,1634983.17,230.0387396799,700707.06,230.0387225204,,,,,,,,,,,,,,,,,,,1634983.17,230.0387396799,,,,,,,,,,,,,,,1634983.17,230.0387396799,,,,,,,,,35236255.33,-64.1505890647,17740154.18,-77.8077525523,17496101.15,-4.6591950456,,,,,,,,,,,
002325.SZ,2325,洪涛股份,10144876,通用,2020-09-30 00:00:00,三季报,2020三季报,58001001,2020-10-29 00:00:00,2021-10-30 00:00:00,CNY,2562034126.26,-11.9744642107,2562034126.26,-11.9744642107,,,,,,,,,,,2513926292.22,-10.374503106,2128351398.23,-8.0580112495,,,,,64899801.6,-18.946581776,,,,,,,,,,,,,5564086.55,-37.1828355495,44325642.06,-34.0177849437,151772467.73,-23.0141707417,,,119012896.05,-12.9949452425,125905751.75,-12.2626794098,11697446.7,-5.0056966835,,,,,,,,,8053643.12,130.4951313774,8053643.12,188.1066387802,,,,,224152.43,17483.2993400389,,,-104197262.87,-273.7970494444,9596780.07,174.2383411321,,,0.0,,-38214853.21,-122.1432278246,387073.26,-33.1471225707,,,2117172.46,-32.7449368456,,,,,0.0,,-39944952.41,-123.4954639846,-7731003.88,-122.7547689235,,,,,,,-32213948.53,-123.6804542945,,,-32213948.53,-123.6804542945,,,-53960692.86,-149.9762129201,21746744.33,-22.5081635199,-58087788.35,-154.0142840147,,,,,-0.0432,-150.0,-0.0198,-121.199143469,-3804740.39,-214.9594100933,-2663429.58,-214.9642146454,-1141310.81,-214.9481994718,,,,,,,,,,,,,,,,,,,-2663429.58,-214.9642146454,,,,,,,,,,,,,,,-2663429.58,-214.9642146454,,,,,,,,,-36018688.92,-125.8484464755,-56624122.44,-151.3413540744,20605433.52,-29.0841199601,,,,,,,,,,,
002325.SZ,2325,洪涛股份,10144876,通用,2020-12-31 00:00:00,年报,2020年报,58001001,2021-04-29 00:00:00,2022-04-30 00:00:00,CNY,3568577321.3,-11.4639262248,3568577321.3,-11.4639262248,,,,,,,,,,,3675026011.81,-4.8796849314,3015930259.58,-6.902967605,,,,,99437439.92,3.9824470684,,,,,,,,,,,,,10410041.48,-30.1814015171,71151938.62,-22.0953246549,248091087.61,-6.4068862437,,,230005244.6,46.4495307959,221157178.12,9.1698336716,14900485.36,-75.1528370994,,,,,,,,,1020560.84,-86.4327559223,860462.9,-89.1385872852,,,,,225020.12,18.6112757611,-72290904.77,-418.8579126258,-179448966.79,-126.4051661646,10156455.25,-23.5229606514,,,0.0,,-346786525.86,-465.4538161953,279474.61,-82.8975582042,,,2167328.23,-62.2592866078,,,,,0.0,,-348674379.48,-484.0725558706,-16095135.45,-245.9157104408,,,,,,,-332579244.03,-517.011406729,,,-421127151.77,-628.0390436979,88547907.74,,-349512324.08,-1057.101304982,16933080.05,-60.8349989496,-356232475.75,-1233.4518706135,,,,,-0.2797,-1057.8767123288,-0.2797,-1057.8767123288,-9511612.12,-510.9561648425,-6658542.49,-510.9817175562,-2853069.63,-510.8965418434,,,,,,,,,,,,,,,,,,,-6658542.49,-510.9817175562,,,,,,,,,,,,,,,-6658542.49,-510.9817175562,,,,,,,,,-342090856.15,-516.8406339247,-356170866.57,-1033.901355515,14080010.42,-67.9486846127,,,,,,,,,,,标准无保留意见
002325.SZ,2325,洪涛股份,10144876,通用,2021-03-31 00:00:00,一季报,2021一季报,58001001,2021-04-29 00:00:00,2022-04-30 00:00:00,CNY,785158152.66,-4.8214038403,785158152.66,-4.8214038403,,,,,,,,,,,768224296.48,-0.7871821612,631243565.45,-3.3096637171,,,,,22379120.75,12.0997201892,,,,,,,,,,,,,2885330.32,54.8108734607,8350094.61,-52.6158685126,69655906.81,60.265048692,,,33710278.54,-12.5689987713,34649689.57,-16.5866097696,4647099.41,-13.7057028208,,,,,,,,,,,,,,,,,511562.0,,3319968.01,,2341888.22,107.5487618413,999328.12,-32.1144908897,,,0.0,,24106602.53,14.4639619219,538782.46,327.6050251734,,,42881.77,-97.3086695041,,,,,0.0,,24602503.22,25.567178975,1453963.18,-68.8361430659,,,,,,,23148540.04,55.072527068,,,23148540.04,55.072527068,,,8813350.03,38.4534075698,14335190.01,67.4283269039,6911703.32,1.3429744824,,,,,0.0071,39.2156862745,0.0091,78.431372549,-492366.12,-486.453143648,648944.69,1204.2179445775,-1141310.81,-4431.3523495076,,,,,,,,,,,,,,,,,,,648944.69,1204.2179445775,,,,,,,,,,,,,,,648944.69,1204.2179445775,,,,,,,,,22656173.92,52.6326035569,9462294.72,50.0331796557,13193879.2,54.5530013809,,,,,,,,,,,
002325.SZ,2325,洪涛股份,10144876,通用,2021-06-30 00:00:00,中报,2021中报,58001001,2021-08-28 00:00:00,2022-08-31 00:00:00,CNY,1436848630.24,-20.7807197854,1436848630.24,-20.7807197854,,,,,,,,,,,1410486866.09,-17.9645128977,1189444259.49,-18.9705548332,,,,,37064978.42,0.8932109612,,,,,,,,,,,,,3259218.16,-8.7227025493,15439889.91,-51.9837269464,83229371.65,-15.8114008957,,,82049148.46,2.4051574196,89015948.87,4.0545960008,7672444.17,-11.3409166011,,,,,,,,,121561040.36,1352.8624301968,-622706.84,,,,,,511562.0,30295.8407605466,20596313.79,,-54950728.07,21.6621204687,2828634.64,-54.3400209221,,,0.0,,116908586.87,201.1763380225,182760.74,-15.512547279,,,219157.75,-87.9822921128,,,,,0.0,,116872189.86,214.0879961703,36265099.23,741.5250613089,,,,,,,80607090.63,145.0021462701,,,80607090.63,145.0021462701,,,71096056.81,341.4486301689,9511033.82,-43.3711780204,-22669808.07,-275.9684545085,,,,,0.0567,339.5348837209,0.0489,162.9032258065,-1302209.97,-155.7526830088,-911690.64,-155.7614693979,-390519.33,-155.732181434,,,,,,,,,,,,,,,,,,,-911690.64,-155.7614693979,,,,,,,,,,,,,,,-911690.64,-155.7614693979,,,,,,,,,79304880.66,125.0661425775,70184366.17,295.6243303067,9120514.49,-47.8711604842,,,,,,,,,,,
002325.SZ,2325,洪涛股份,10144876,通用,2021-09-30 00:00:00,三季报,2021三季报,58001001,2021-10-30 00:00:00,2022-10-31 00:00:00,CNY,1986270927.48,-22.4728934279,1986270927.48,-22.4728934279,0.0,,0.0,,0.0,,,,,,1989877479.16,-20.8458304717,1658846879.03,-22.059539585,0.0,,0.0,,51184234.67,-21.1334497053,0.0,,0.0,,0.0,,0.0,,0.0,,,,4641617.49,-16.5789847392,21042653.24,-52.5271326888,127916739.97,-15.7180864994,,,126245354.76,6.0770378253,124804597.26,-0.8745863272,9113396.69,-22.0907183958,,,,,,,0.0,,121561040.36,1409.3919428603,-622706.84,-107.731989495,0.0,,0.0,,2640532.87,1078.007693247,34787684.38,,-16307104.32,84.349776692,3598445.65,-62.5036145066,,,0.0,,142674047.26,473.3471026984,66580.17,-82.79907788,,,917916.15,-56.6442428596,,,,,0.0,,141822711.28,455.0453880238,53705342.72,794.6748902679,,,,,,,88117368.56,373.5379317998,,,88117368.56,373.5379317998,,,82793247.81,253.4325143393,5324120.75,-75.517619239,-13491652.64,76.7736851011,,,,,0.0658,252.3148148148,0.0597,401.5151515152,-566650.8,85.106715783,-396784.19,85.1025086986,-169866.61,85.1165336811,,,,,,,,,,,,,,,,,,,-396784.19,85.1025086986,,,,,,,,,,,,,,,-396784.19,85.1025086986,,,,,,,,,87550717.76,343.0702515421,82396463.62,245.5147736856,5154254.14,-74.9859466194,,,,,,,,,0.0,,
002325.SZ,2325,洪涛股份,10144876,通用,2021-12-31 00:00:00,年报,2021年报,58001001,2022-04-30 00:00:00,2023-04-29 00:00:00,CNY,2590613384.57,-27.4048689065,2590613384.57,-27.4048689065,,,,,,,,,,,2767933740.98,-24.6826081752,2286487665.3,-24.1863216818,,,,,83164607.2,-16.3648950869,,,,,,,,,,,,,8079981.62,-22.3828105246,29887816.6,-57.9943748833,191270529.4,-22.9031033551,,,169043140.86,-26.5046581203,170423552.33,-22.9400764747,8604966.8,-42.2504261297,,,,,,,,,116814376.08,11346.0962542909,,,,,,,2640532.87,1073.4652305758,-46394295.71,35.8227762433,-135798539.56,24.3247024549,3667910.53,-63.8859184655,,,0.0,,-236390372.2,31.8340377805,12578318.29,4400.7016165082,,,1818359.24,-16.1013447419,,,,,0.0,,-225630413.15,35.2890758746,-14146758.34,12.1053787714,,,,,,,-211483654.81,36.4110483122,,,-331532777.97,21.2748984299,120049123.16,35.5753356844,-220027931.8,37.0471606748,8544276.99,-49.5409165682,-329186956.84,7.5920980683,,,,,-0.172,38.5055416518,-0.172,38.5055416518,-2958724.59,68.8935529259,-2071469.19,68.8900507414,-887255.4,68.9017263837,,,,,,,,,,,,,,,,,,,-2071469.19,68.8900507414,,,,,,,,,,,,,,,-2071469.19,68.8900507414,,,,,,,,,-214442379.4,37.3142030707,-222099400.99,37.64245708,7657021.59,-45.6177846351,,,,,,,,,,,标准无保留意见
002325.SZ,2325,洪涛股份,10144876,通用,2022-03-31 00:00:00,一季报,2022一季报,58001001,2022-04-30 00:00:00,2023-04-29 00:00:00,CNY,457210261.84,-41.7683863702,457210261.84,-41.7683863702,,,,,,,,,,,518932739.15,-32.4503609782,422556785.3,-33.0596288932,,,,,16632921.44,-25.6766088989,,,,,,,,,,,,,2831802.48,-1.8551719929,4174696.94,-50.0041959405,33874193.35,-51.3692450485,,,38862339.64,15.2833536925,35612991.62,2.7801174035,949222.18,-79.5738783217,,,,,,,,,,,,,,,,,,,-6943200.49,-309.1345600044,-31699005.0,-1453.5660980437,4056621.76,305.9349155511,,,0.0,,-96308061.04,-499.5090594792,43014.15,-92.0164160504,,,125348.08,192.310881757,,,,,0.0,,-96390394.97,-491.7910064194,-11477364.37,-889.3848020278,,,,,,,-84913030.6,-466.8180820616,,,-84913030.6,-466.8180820616,,,-79582893.69,-1002.9811980587,-5330136.91,-137.1821852817,-82969933.07,-1300.4267143515,,,,,-0.0576,-911.2676056338,-0.0576,-732.967032967,-382230.44,22.36865526,-267659.08,-141.2452839394,-114571.36,89.9614233918,,,,,,,,,,,,,,,,,,,-267659.08,-141.2452839394,,,,,,,,,,,,,,,-267659.08,-141.2452839394,,,,,,,,,-85295261.04,-476.4768991498,-79850552.77,-943.8814804745,-5444708.27,-141.2669252724,,,,,,,,,,,
002325.SZ,2325,洪涛股份,10144876,通用,2022-06-30 00:00:00,中报,2022中报,58001001,2022-08-31 00:00:00,2022-08-31 00:00:00,CNY,927307107.23,-35.4624357978,927307107.23,-35.4624357978,,,,,,,,,,,1015259920.1,-28.02060448,848307741.65,-28.6803282389,,,,,34553481.66,-6.7759293734,,,,,,,,,,,,,3431375.44,5.2821649717,5925176.16,-61.6242331096,64015107.05,-23.0859181309,,,59027038.14,-28.0589265728,67828266.4,-23.8021194392,1776986.42,-76.8393698197,,,,,,,,,,,,,,,,,-52511.66,-110.2649649505,-19541469.03,-194.8784779123,-54407752.96,0.9881126767,5305111.91,87.5502701897,,,0.0,,-156649434.61,-233.9930956348,34875.1,-80.9176193968,,,324266.59,47.9603573225,,,,,0.0,,-156938826.1,-234.2824381814,-16211233.84,-144.7020253197,,,,,,,-140727592.26,-274.5846316498,,,-140727592.26,-274.5846316498,,,-134683183.51,-289.4383311158,-6044408.75,-163.5515430225,-139631224.88,-515.934746553,,,,,-0.0974,-271.7813051146,-0.0974,-299.18200409,6977681.23,635.8338048971,4884929.67,635.8100056835,2092751.56,635.8893655789,,,,,,,,,,,,,,,,,,,4884929.67,635.8100056835,,,,,,,,,,,,,,,4884929.67,635.8100056835,,,,,,,,,-133749911.03,-268.6528116768,-129798253.84,-284.9389841686,-3951657.19,-143.327130222,,,,,,,,,,,
002325.SZ,2325,洪涛股份,10144876,通用,2022-09-30 00:00:00,三季报,2022三季报,58001001,2022-10-31 00:00:00,2022-10-31 00:00:00,CNY,1200727703.51,-39.5486443013,1200727703.51,-39.5486443013,0.0,,0.0,,0.0,,,,,,1370798640.98,-31.1114048309,1116302530.69,-32.7061138191,0.0,,0.0,,47895685.68,-6.4249255873,0.0,,0.0,,0.0,,0.0,,0.0,,,,4501239.03,-3.0243435678,17213708.17,-18.1961135144,98257283.84,-23.1865322216,,,86628193.57,-31.3810842904,106889628.95,-14.3544137823,2351587.15,-74.1963701352,,,,,,,0.0,,0.0,-100.0,0.0,100.0,0.0,,0.0,,-51931.16,-101.9666924275,-22107635.57,-163.5501786451,-91291522.43,-459.8266904936,5787422.54,60.8311783172,,,0.0,,-277734604.09,-294.66371735,64589.72,-2.9895537966,,,607944.04,-33.7691095205,,,,,0.0,,-278277958.41,-296.2153705133,-18132039.41,-133.7620774613,,,,,,,-260145919.0,-395.2266088414,,,-260145919.0,-395.2266088414,,,-254068190.04,-406.8706648917,-6077728.96,-214.1546040255,-259311506.78,-1822.0144017879,,,,,-0.1716,-360.7902735562,-0.1716,-387.4371859296,14911034.09,2731.4326371727,10438999.88,2730.9011656941,4472034.21,2732.6740787963,,,,,,,,,,,,,,,,,,,10438999.88,2730.9011656941,,,,,,,,,,,,,,,10438999.88,2730.9011656941,,,,,,,,,-245234884.91,-380.1060815769,-243629190.16,-395.679182645,-1605694.75,-131.1528051661,,,,,,,,,0.0,,
002325.SZ,2325,洪涛股份,10144876,通用,2022-12-31 00:00:00,年报,2022年报,58001001,2023-04-29 00:00:00,2023-04-29 00:00:00,CNY,1330667633.09,-48.635035972,1330667633.09,-48.635035972,,,,,,,,,,,1701986789.48,-38.5105660485,1256719886.32,-45.0371018662,,,,,52417911.97,-36.9708897393,,,,,,,,,,,,,6178317.14,-23.5355050226,19017330.97,-36.3709593628,135875049.16,-28.9618481288,,,231778293.92,37.1119187332,245723633.98,44.1840817308,2872427.58,-66.6189580185,,,,,,,,,,,,,,,,,-313773.32,-111.8829545189,-140788858.78,-203.4615713536,-358193947.29,-163.7686299504,6676688.98,82.0297666857,,,0.0,,-863939046.8,-265.4713340309,53524.92,-99.5744668026,,,730089.08,-59.8490186131,,,,,0.0,,-864615610.96,-283.199941395,-115531767.82,-716.6660166473,,,,,,,-749083843.14,-254.2041316682,,,-749083843.14,-125.9456358212,,,-710329548.14,-222.8360791873,-38754295.0,-553.5702089873,-715959562.44,-117.493296002,,,,,-0.461,-168.023255814,-0.461,-168.023255814,12265736.25,514.5616084531,8587128.39,514.5428969668,3678607.86,514.6052940337,,,,,,,,,,,,,,,,,,,8587128.39,514.5428969668,,,,,,,,,,,,,,,8587128.39,514.5428969668,,,,,,,,,-736818106.89,-243.5972446079,-701742419.75,-215.9587178633,-35075687.14,-558.0852584484,,,,,,,,,,,标准无保留意见
002325.SZ,2325,洪涛股份,10144876,通用,2023-03-31 00:00:00,一季报,2023一季报,58001001,2023-04-29 00:00:00,2023-04-29 00:00:00,CNY,153477954.02,-66.4316471371,153477954.02,-66.4316471371,,,,,,,,,,,264085128.33,-49.1099504027,147608106.44,-65.0678650598,,,,,3939046.12,-76.317773554,,,,,,,,,,,,,2004919.87,-29.1998688411,15041082.52,260.2916028678,47266100.52,39.53424671,,,48225872.86,24.0941057763,43319597.51,21.6398722473,209802.41,-77.8974391433,,,,,,,,,,,,,,,,,,,-6556377.88,5.5712435577,529233.09,101.6695574199,529553.47,-86.9459490845,,,0.0,,-116104765.63,-20.5556049787,1.09,-99.9974659502,,,439722.19,250.800897788,,,,,0.0,,-116544486.73,-20.9088174878,5448211.32,147.4691849484,,,,,,,-121992698.05,-43.6678177519,,,-121992698.05,-43.6678177519,,,-117307721.74,-47.4031871685,-4684976.31,12.1040155421,-117381333.66,-41.4745430263,,,,,-0.0668,-15.9722222222,-0.0668,-15.9722222222,2983595.01,880.5749353714,-1488439.2,-456.0951640423,4472034.21,4003.2740904882,,,,,,,,,,,,,,,,,,,-1488439.2,-456.0951640423,,,,,,,,,,,,,,,-1488439.2,-456.0951640423,,,,,,,,,-119009103.04,-39.526043521,-118796160.94,-48.7731228138,-212942.1,96.0890080893,,,,,,,,,,,
002325.SZ,002325,洪涛股份,10144876,通用,2023-06-30 00:00:00,中报,2023中报,058001001,2023-08-31 00:00:00,2023-08-31 00:00:00,CNY,351260533.33,-62.1203665332,351260533.33,-62.1203665332,,,,,,,,,,,510118662.76,-49.7548703873,354527335.05,-58.2076977913,,,,,11775230.25,-65.9217257298,,,,,,,,,,,,,3167377.45,-7.6936492266,11506211.06,94.1918813769,62947113.46,-1.6683461752,,,66195395.49,12.1441928579,60935985.52,-10.1613696558,271963.81,-84.6952229382,,,,,,,,,,,,,,,,,,,1233041.44,106.309870758,-26449822.55,51.3859310282,575090.25,-89.1596961618,,,0,,-183499820.29,-17.1404293586,39001.09,11.8307617756,,,496178.78,53.0156961283,,,,,0,,-183956997.98,-17.2157346601,-14869330.64,8.2776130012,,,,,,,-169087667.34,-20.152462374,,,-169087667.34,-20.152462374,,,-160713338.24,-19.3269523719,-8374329.1,-38.5467040097,-160831250.8,-15.1828689738,,,,,-0.0915,6.0574948665,-0.0915,6.0574948665,9846871.02,41.1195309075,6893024.25,41.1079527374,2953846.77,41.1465568326,,,,,,,,,,,,,,,,,,,6893024.25,41.1079527374,,,,,,,,,,,,,,,6893024.25,41.1079527374,,,,,,,,,-159240796.32,-19.058618502,-153820313.99,-18.5072290569,-5420482.33,-37.1698522766,,,,,,,,,,,
002325.SZ,002325,洪涛股份,10144876,通用,2023-09-30 00:00:00,三季报,2023三季报,058001001,2023-10-31 00:00:00,2023-10-31 00:00:00,CNY,514078831.57,-57.1860605808,514078831.57,-57.1860605808,,,,,,,,,,,739648775.67,-46.0424927806,517452101.41,-53.6458901432,,,,,15434983.83,-67.7737491157,,,,,,,,,,,,,5993142.84,33.1442920506,12745060.58,-25.9598196151,92348883.77,-6.0131929554,,,95674603.24,10.4428007756,90466685.35,-15.3643938718,331589.04,-85.8993514231,,,,,,,,,,,,,,,,,-26475.7,49.0176995854,45716884.64,306.7922844813,-101675593.95,-11.3746284908,668933.07,-88.4416065118,,,0,,-280886196.04,-1.1347494707,39001.09,-39.6171867598,,,518137.18,-14.7722247594,,,,,0,,-281365332.13,-1.1094567955,-32107576.52,-77.0764765837,,,,,,,-249257755.61,4.1854061874,,,-249257755.61,4.1854061874,,,-241470396.58,4.9584300412,-7787359.03,-28.1294227046,-241633717.86,6.8172018818,,,,,-0.1375,19.8717948718,-0.1375,19.8717948718,9245127.42,-37.9980800513,6291280.65,-39.7329176902,2953846.77,-33.9484755417,,,,,,,,,,,,,,,,,,,6291280.65,-39.7329176902,,,,,,,,,,,,,,,6291280.65,-39.7329176902,,,,,,,,,-240012628.19,2.1294917817,-235179115.93,3.4684161715,-4833512.26,-201.0231091557,,,,,,,,,,,
