SECUCODE,SECURITY_CODE,SECURITY_NAME_ABBR,ORG_CODE,ORG_TYPE,REPORT_DATE,REPORT_TYPE,REPORT_DATE_NAME,SECURITY_TYPE_CODE,NOTICE_DATE,UPDATE_DATE,CURRENCY,TOTAL_OPERATE_INCOME,TOTAL_OPERATE_INCOME_YOY,OPERATE_INCOME,OPERATE_INCOME_YOY,INTEREST_INCOME,INTEREST_INCOME_YOY,EARNED_PREMIUM,EARNED_PREMIUM_YOY,FEE_COMMISSION_INCOME,FEE_COMMISSION_INCOME_YOY,OTHER_BUSINESS_INCOME,OTHER_BUSINESS_INCOME_YOY,TOI_OTHER,TOI_OTHER_YOY,TOTAL_OPERATE_COST,TOTAL_OPERATE_COST_YOY,OPERATE_COST,OPERATE_COST_YOY,INTEREST_EXPENSE,INTEREST_EXPENSE_YOY,FEE_COMMISSION_EXPENSE,FEE_COMMISSION_EXPENSE_YOY,RESEARCH_EXPENSE,RESEARCH_EXPENSE_YOY,SURRENDER_VALUE,SURRENDER_VALUE_YOY,NET_COMPENSATE_EXPENSE,NET_COMPENSATE_EXPENSE_YOY,NET_CONTRACT_RESERVE,NET_CONTRACT_RESERVE_YOY,POLICY_BONUS_EXPENSE,POLICY_BONUS_EXPENSE_YOY,REINSURE_EXPENSE,REINSURE_EXPENSE_YOY,OTHER_BUSINESS_COST,OTHER_BUSINESS_COST_YOY,OPERATE_TAX_ADD,OPERATE_TAX_ADD_YOY,SALE_EXPENSE,SALE_EXPENSE_YOY,MANAGE_EXPENSE,MANAGE_EXPENSE_YOY,ME_RESEARCH_EXPENSE,ME_RESEARCH_EXPENSE_YOY,FINANCE_EXPENSE,FINANCE_EXPENSE_YOY,FE_INTEREST_EXPENSE,FE_INTEREST_EXPENSE_YOY,FE_INTEREST_INCOME,FE_INTEREST_INCOME_YOY,ASSET_IMPAIRMENT_LOSS,ASSET_IMPAIRMENT_LOSS_YOY,CREDIT_IMPAIRMENT_LOSS,CREDIT_IMPAIRMENT_LOSS_YOY,TOC_OTHER,TOC_OTHER_YOY,FAIRVALUE_CHANGE_INCOME,FAIRVALUE_CHANGE_INCOME_YOY,INVEST_INCOME,INVEST_INCOME_YOY,INVEST_JOINT_INCOME,INVEST_JOINT_INCOME_YOY,NET_EXPOSURE_INCOME,NET_EXPOSURE_INCOME_YOY,EXCHANGE_INCOME,EXCHANGE_INCOME_YOY,ASSET_DISPOSAL_INCOME,ASSET_DISPOSAL_INCOME_YOY,ASSET_IMPAIRMENT_INCOME,ASSET_IMPAIRMENT_INCOME_YOY,CREDIT_IMPAIRMENT_INCOME,CREDIT_IMPAIRMENT_INCOME_YOY,OTHER_INCOME,OTHER_INCOME_YOY,OPERATE_PROFIT_OTHER,OPERATE_PROFIT_OTHER_YOY,OPERATE_PROFIT_BALANCE,OPERATE_PROFIT_BALANCE_YOY,OPERATE_PROFIT,OPERATE_PROFIT_YOY,NONBUSINESS_INCOME,NONBUSINESS_INCOME_YOY,NONCURRENT_DISPOSAL_INCOME,NONCURRENT_DISPOSAL_INCOME_YOY,NONBUSINESS_EXPENSE,NONBUSINESS_EXPENSE_YOY,NONCURRENT_DISPOSAL_LOSS,NONCURRENT_DISPOSAL_LOSS_YOY,EFFECT_TP_OTHER,EFFECT_TP_OTHER_YOY,TOTAL_PROFIT_BALANCE,TOTAL_PROFIT_BALANCE_YOY,TOTAL_PROFIT,TOTAL_PROFIT_YOY,INCOME_TAX,INCOME_TAX_YOY,EFFECT_NETPROFIT_OTHER,EFFECT_NETPROFIT_OTHER_YOY,EFFECT_NETPROFIT_BALANCE,EFFECT_NETPROFIT_BALANCE_YOY,UNCONFIRM_INVEST_LOSS,UNCONFIRM_INVEST_LOSS_YOY,NETPROFIT,NETPROFIT_YOY,PRECOMBINE_PROFIT,PRECOMBINE_PROFIT_YOY,CONTINUED_NETPROFIT,CONTINUED_NETPROFIT_YOY,DISCONTINUED_NETPROFIT,DISCONTINUED_NETPROFIT_YOY,PARENT_NETPROFIT,PARENT_NETPROFIT_YOY,MINORITY_INTEREST,MINORITY_INTEREST_YOY,DEDUCT_PARENT_NETPROFIT,DEDUCT_PARENT_NETPROFIT_YOY,NETPROFIT_OTHER,NETPROFIT_OTHER_YOY,NETPROFIT_BALANCE,NETPROFIT_BALANCE_YOY,BASIC_EPS,BASIC_EPS_YOY,DILUTED_EPS,DILUTED_EPS_YOY,OTHER_COMPRE_INCOME,OTHER_COMPRE_INCOME_YOY,PARENT_OCI,PARENT_OCI_YOY,MINORITY_OCI,MINORITY_OCI_YOY,PARENT_OCI_OTHER,PARENT_OCI_OTHER_YOY,PARENT_OCI_BALANCE,PARENT_OCI_BALANCE_YOY,UNABLE_OCI,UNABLE_OCI_YOY,CREDITRISK_FAIRVALUE_CHANGE,CREDITRISK_FAIRVALUE_CHANGE_YOY,OTHERRIGHT_FAIRVALUE_CHANGE,OTHERRIGHT_FAIRVALUE_CHANGE_YOY,SETUP_PROFIT_CHANGE,SETUP_PROFIT_CHANGE_YOY,RIGHTLAW_UNABLE_OCI,RIGHTLAW_UNABLE_OCI_YOY,UNABLE_OCI_OTHER,UNABLE_OCI_OTHER_YOY,UNABLE_OCI_BALANCE,UNABLE_OCI_BALANCE_YOY,ABLE_OCI,ABLE_OCI_YOY,RIGHTLAW_ABLE_OCI,RIGHTLAW_ABLE_OCI_YOY,AFA_FAIRVALUE_CHANGE,AFA_FAIRVALUE_CHANGE_YOY,HMI_AFA,HMI_AFA_YOY,CASHFLOW_HEDGE_VALID,CASHFLOW_HEDGE_VALID_YOY,CREDITOR_FAIRVALUE_CHANGE,CREDITOR_FAIRVALUE_CHANGE_YOY,CREDITOR_IMPAIRMENT_RESERVE,CREDITOR_IMPAIRMENT_RESERVE_YOY,FINANCE_OCI_AMT,FINANCE_OCI_AMT_YOY,CONVERT_DIFF,CONVERT_DIFF_YOY,ABLE_OCI_OTHER,ABLE_OCI_OTHER_YOY,ABLE_OCI_BALANCE,ABLE_OCI_BALANCE_YOY,OCI_OTHER,OCI_OTHER_YOY,OCI_BALANCE,OCI_BALANCE_YOY,TOTAL_COMPRE_INCOME,TOTAL_COMPRE_INCOME_YOY,PARENT_TCI,PARENT_TCI_YOY,MINORITY_TCI,MINORITY_TCI_YOY,PRECOMBINE_TCI,PRECOMBINE_TCI_YOY,EFFECT_TCI_BALANCE,EFFECT_TCI_BALANCE_YOY,TCI_OTHER,TCI_OTHER_YOY,TCI_BALANCE,TCI_BALANCE_YOY,ACF_END_INCOME,ACF_END_INCOME_YOY,OPINION_TYPE
300405.SZ,300405,科隆股份,10181982,通用,2009-12-31 00:00:00,年报,2009年报,58001001,2012-07-04 00:00:00,2012-07-04 00:00:00,CNY,367827897.58,,367827897.58,,,,,,,,,,0.0,,319175889.29,,280345697.9,,,,,,,,,,,,,,,,,,,,1213532.33,,17698916.65,,12512262.26,,,,7395603.4,,,,,,9876.75,,,,0.0,,,,,,,,,,,,,,,,,,,,0.0,,,,48652008.29,,16780.72,,,,1509.36,,,,,,,,48667279.65,,13740219.25,,,,,,,,34927060.4,,26619059.11,,,,,,34927060.4,,,,8296547.77,,,,,,3.04,,3.04,,,,,,,,,,,,,,,,,,,,,,,,,,,,,,,,,,,,,,,,,,,,,,,,,,,,34927060.4,,,,,,,,0.0,,,,0.0,,,,标准无保留意见
300405.SZ,300405,科隆股份,10181982,通用,2010-12-31 00:00:00,年报,2010年报,58001001,2012-07-04 00:00:00,2012-07-04 00:00:00,CNY,709823485.54,92.977066234,709823485.54,92.977066234,,,,,,,,,0.0,,647620295.7,102.9038901217,577223625.52,105.897087005,,,,,,,,,,,,,,,,,,,1102677.16,-9.1349169082,29309422.11,65.6000911785,27722129.41,121.5596894786,,,10665598.55,44.2153935675,,,,,1596842.95,16067.6963576075,,,0.0,,,,,,,,,,,,,,,,,,,,0.0,,,,62203189.84,27.8532829914,132400.0,689.000710339,,,85625.0,5572.934223777,,,,,,,62249964.84,27.9092755701,9816715.27,-28.5548862694,,,,,,,52433249.57,50.1221373042,,,,,,,52433249.57,50.1221373042,,,52404834.57,531.6462705066,,,,,1.06,-65.1315789474,1.06,-65.1315789474,,,,,,,,,,,,,,,,,,,,,,,,,,,,,,,,,,,,,,,,,,,,,,,,,,,52433249.57,50.1221373042,,,,,,,0.0,,,,0.0,,,,标准无保留意见
300405.SZ,300405,科隆股份,10181982,通用,2011-12-31 00:00:00,年报,2011年报,58001001,2014-10-16 00:00:00,2014-10-16 00:00:00,CNY,1137504255.38,60.2517074389,1137504255.38,60.2517074389,,,,,,,,,,,1062385366.74,64.0444831322,941199392.16,63.0562836565,,,,,,,,,,,0.0,,,,,,,,2794966.85,153.4710023376,46487334.38,58.6088398657,41910751.46,51.181573537,,,25918210.41,143.0075563832,,,,,4074711.48,155.172963628,,,0.0,,,,,,,,,,,,,,,,,,,,,,0.0,,75118888.64,20.763724229,1779878.0,1244.3187311178,,,240579.0,180.9681751825,,,0.0,,0.0,,76658187.64,23.1457525109,12356759.87,25.8746895488,,,,,,,64301427.77,22.6348324724,,,,,,,64301427.77,22.6348324724,,,62997610.47,20.2133562426,,,,,1.26,18.8679245283,1.26,18.8679245283,,,,,,,,,,,,,,,,,,,,,,,,,,,,,,,,,,,,,,,,,,,,,,,,,,,64301427.77,22.6348324724,64301427.77,,,,,,,,,,,,,,标准无保留意见
300405.SZ,300405,科隆股份,10181982,通用,2012-12-31 00:00:00,年报,2012年报,58001001,2014-10-16 00:00:00,2014-10-16 00:00:00,CNY,1108613255.66,-2.5398586057,1108613255.66,-2.5398586057,,,,,,,,,,,1032137473.12,-2.8471677573,911919769.35,-3.1108841606,,,,,,,,,,,0.0,,,,,,,,3719855.57,33.0912232465,42087900.74,-9.4637253322,39374010.79,-6.0527205589,,,28722310.58,10.8190346696,,,,,6313626.09,54.9465801687,,,0.0,,,,,,,,,,,,,,,,,,,,,,0.0,,76475782.54,1.8063285075,568770.99,-68.0443833791,,,100000.0,-58.4336122438,,,0.0,,0.0,,76944553.53,0.3735620406,12069663.16,-2.3233979864,,,,,,,64874890.37,0.8918349404,,,,,,,64876773.53,0.8947635845,-1883.16,,64478318.19,2.3504188634,,,,,1.27,0.7936507937,1.27,0.7936507937,,,,,,,,,,,,,,,,,,,,,,,,,,,,,,,,,,,,,,,,,,,,,,,,,,,64874890.37,0.8918349404,64876773.53,0.8947635845,-1883.16,,,,,,,,,,,,标准无保留意见
300405.SZ,300405,科隆股份,10181982,通用,2013-09-30 00:00:00,三季报,2013三季报,58001001,2014-10-29 00:00:00,2014-10-29 00:00:00,CNY,741920901.36,,741920901.36,,,,,,,,,,,,701699133.06,,617869107.21,,,,,,,,,,,,,,,,,,,,3428944.1,,29467477.81,,26840084.0,,,,18802192.26,,,,,,5291327.68,,,,,,,,,,,,,,,,,,,,,,,,,,0.0,,40221768.3,,1879500.0,,,,13578.15,,,,,,0.0,,42087690.15,,6248711.66,,,,,,,,35838978.49,,,,,,,,35855612.86,,-16634.37,,34269579.29,,,,,,0.7031,,0.7031,,,,,,,,,,,,,,,,,,,,,,,,,,,,,,,,,,,,,,,,,,,,,,,,,,,,35838978.49,,35855612.86,,-16634.37,,,,,,,,,,,,
300405.SZ,300405,科隆股份,10181982,通用,2013-12-31 00:00:00,年报,2013年报,58001001,2014-10-16 00:00:00,2015-04-15 00:00:00,CNY,1003888135.22,-9.4464972257,1003888135.22,-9.4464972257,,,,,,,,,,,945966796.98,-8.3487595775,834172243.95,-8.525697985,,,,,,,,,,,0.0,,,,,,,,3542773.05,-4.7604676221,41000955.08,-2.5825608807,36170933.44,-8.1350039931,,,25232416.29,-12.1504649853,,,,,5847475.17,-7.3832519277,,,0.0,,,,,,,,,,,,,,,,,,,,,,0.0,,57921338.24,-24.2618560853,4447700.0,681.9843272949,,,76701.54,-23.29846,6701.54,,0.0,,0.0,,62292336.7,-19.042565273,9618022.18,-20.3124225382,,,,,,,52674314.52,-18.8063144006,,,,,,,52695774.34,-18.7755933707,-21459.82,-1039.5643492852,48967022.57,-24.0566070199,,,,,1.0333,-18.6377952756,1.0333,-18.6377952756,,,,,,,,,,,,,,,,,,,,,,,,,,,,,,,,,,,,,,,,,,,,,,,,,,,52674314.52,-18.8063144006,52695774.34,-18.7755933707,-21459.82,-1039.5643492852,,,,,,,,,,,标准无保留意见
300405.SZ,300405,科隆股份,10181982,通用,2014-03-31 00:00:00,一季报,2014一季报,58001001,2015-04-24 00:00:00,2015-04-24 00:00:00,CNY,242838496.64,,242838496.64,,,,,,,,,,,,232499476.97,,202480689.16,,,,,,,,,,,,,,,,,,,,176395.48,,9327879.63,,7427110.68,,,,9362185.17,,,,,,3725216.85,,,,,,,,,,,,,,,,,,,,,,,,,,0.0,,10339019.67,,897932.43,,,,,,,,,,0.0,,11236952.1,,1751984.31,,,,,,,,9484967.79,,,,,,,,9488561.85,,-3594.06,,,,,,,,0.1861,,0.1861,,,,,,,,,,,,,,,,,,,,,,,,,,,,,,,,,,,,,,,,,,,,,,,,,,,,9484967.79,,9488561.85,,-3594.06,,,,,,,,,,,,
300405.SZ,300405,科隆股份,10181982,通用,2014-06-30 00:00:00,中报,2014中报,58001001,2014-10-16 00:00:00,2015-08-26 00:00:00,CNY,586778565.02,,586778565.02,,,,,,,,,,,,551047797.41,,486769300.38,,,,,,,,,,,,0.0,,,,,,,,2058470.41,,21621685.26,,17089022.99,,,,18862954.62,,,,,,4646363.75,,,,0.0,,,,,,,,,,,,,,,,,,,,,,0.0,,35730767.61,,2098927.43,,,,2948.71,,2948.71,,0.0,,0.0,,37826746.33,,5973836.13,,,,,,,,31852910.2,,,,,,,,31859640.05,,-6729.85,,30054583.13,,,,,,0.6247,,0.6247,,,,,,,,,,,,,,,,,,,,,,,,,,,,,,,,,,,,,,,,,,,,,,,,,,,,31852910.2,,31859640.05,,-6729.85,,,,,,,,,,,,标准无保留意见
300405.SZ,300405,科隆股份,10181982,通用,2014-09-30 00:00:00,三季报,2014三季报,58001001,2014-10-29 00:00:00,2015-10-26 00:00:00,CNY,852127703.96,14.8542523061,852127703.96,14.8542523061,,,,,,,,,,,807418140.69,15.0661448261,712902000.85,15.3807485325,,,,,,,,,,,,,,,,,,,2142154.4,-37.5272871902,31887898.26,8.2138704425,24411466.5,-9.048472054,,,30252930.84,60.9010822869,,,,,5821689.84,10.0232340931,,,,,,,,,,,,,,,,,,,,,,,,,0.0,,44709563.27,11.1576272245,2218677.43,18.0461521681,,,25598.28,88.5255355111,,,,,0.0,,46902642.42,11.440286347,7570644.16,21.1552808311,,,,,,,39331998.26,9.746426704,,,,,,,39342793.95,9.725621212,-10795.69,35.1000969679,37446861.61,9.2714366089,,,,,0.7714,9.7141231688,0.7714,9.7141231688,,,,,,,,,,,,,,,,,,,,,,,,,,,,,,,,,,,,,,,,,,,,,,,,,,,39331998.26,9.746426704,39342793.95,9.725621212,-10795.69,35.1000969679,,,,,,,,,,,
300405.SZ,300405,科隆股份,10181982,通用,2014-12-31 00:00:00,年报,2014年报,58001001,2015-04-15 00:00:00,2016-04-26 00:00:00,CNY,1137577814.51,13.3171888978,1137307814.51,13.2902934709,270000.0,,,,,,,,,,1097424486.55,16.0108885485,957472098.37,14.7811025018,,,,,,,,,,,,,,,,,,,2210360.63,-37.6093077709,46821779.39,14.1968017541,34166478.08,-5.5416191106,,,41601295.54,64.8724207062,,,,,15152474.54,159.128497334,,,,,,,,,,,,,,,,,,,,,,,,,0.0,,40153327.96,-30.6761045582,6986927.43,57.0907981653,,,38260.46,-50.1177420949,2948.71,-55.999516529,,,0.0,,47101994.93,-24.3855706411,8917111.92,-7.2874677026,,,,,,,38184883.01,-27.507584374,,,,,,,38199898.47,-27.5086115567,-15015.46,30.0298884147,32663066.55,-33.2957879902,,,,,0.7096,-31.3268169941,0.7096,-31.3268169941,,,,,,,,,,,,,,,,,,,,,,,,,,,,,,,,,,,,,,,,,,,,,,,,,,,38184883.01,-27.507584374,38199898.47,-27.5086115567,-15015.46,30.0298884147,,,,,,,,,,,标准无保留意见
300405.SZ,300405,科隆股份,10181982,通用,2015-03-31 00:00:00,一季报,2015一季报,58001001,2015-04-24 00:00:00,2016-04-26 00:00:00,CNY,161960788.66,-33.3051427591,161960788.66,-33.3051427591,,,,,,,,,,,164644929.87,-29.1848170948,141844858.41,-29.9464758845,,,,,,,,,,,,,,,,,,,379976.95,115.4119538664,7268780.72,-22.0746728268,7508341.74,1.0937101048,,,7916430.53,-15.4424914029,,,,,-273458.48,-107.3407399089,,,,,,,,,,,,,,,,,,,,,,,,,0.0,,-2684141.21,-125.9612738506,127527.0,-85.7977064043,,,,,,,,,0.0,,-2556614.21,-122.7518475406,563478.53,-67.8376954186,,,,,,,-3120092.74,-132.8951326887,,,,,,,-3117270.31,-132.8529271272,-2822.43,21.4695914926,-3241533.29,,,,,,-0.0458,-124.610424503,-0.0458,-124.610424503,,,,,,,,,,,,,,,,,,,,,,,,,,,,,,,,,,,,,,,,,,,,,,,,,,,-3120092.74,-132.8951326887,-3117270.31,-132.8529271272,-2822.43,21.4695914926,,,,,,,,,,,
300405.SZ,300405,科隆股份,10181982,通用,2015-06-30 00:00:00,中报,2015中报,58001001,2015-08-26 00:00:00,2016-08-26 00:00:00,CNY,386061145.56,-34.2066720609,385764145.56,-34.2572874067,297000.0,,,,,,,,,,383561946.15,-30.3940696337,324920099.4,-33.2496730697,,,,,,,,,,,,,,,,,,,920037.79,-55.3047842937,17830938.1,-17.532154013,17775135.74,4.0149325705,,,17631399.21,-6.5289634355,,,,,4484335.91,-3.4871966277,,,,,,,,,,,,,,,,,,,,,,,,,0.0,,2499199.41,-93.0054695794,1218890.77,-41.9279222055,,,,,,,,,0.0,,3718090.18,-90.1707375317,1674332.34,-71.9722418968,,,,,,,2043757.84,-93.5837641611,,,,,,,2047231.27,-93.5742172015,-3473.43,48.3877055209,1037699.12,-96.5472849332,,,,,0.0301,-95.1816872099,0.0301,-95.1816872099,,,,,,,,,,,,,,,,,,,,,,,,,,,,,,,,,,,,,,,,,,,,,,,,,,,2043757.84,-93.5837641611,2047231.27,-93.5742172015,-3473.43,48.3877055209,,,,,,,,,,,
300405.SZ,300405,科隆股份,10181982,通用,2015-09-30 00:00:00,三季报,2015三季报,58001001,2015-10-26 00:00:00,2016-10-26 00:00:00,CNY,608051721.47,-28.6431225456,607979721.47,-28.6515719833,72000.0,,,,,,,,,,614928929.41,-23.8400899831,522420478.7,-26.719173452,,,,,,,,,,,,,,,,,,,2050537.83,-4.2768425096,30141183.55,-5.4776727389,27925150.05,14.3935783211,,,26005406.9,-14.0400411532,,,,,6386172.38,9.6961974189,,,,,,,,,,,,,,,,,,,,,,,,,0.0,,-6877207.94,-115.381961793,1297140.77,-41.5354051715,,,,,,,,,0.0,,-5580067.17,-111.8971275009,-54034.45,-100.7137364913,,,,,,,-5526032.72,-114.0497126118,,,,,,,-5520763.31,-114.0324637773,-5269.41,51.1896877365,-6608545.46,-117.647795238,,,,,-0.0812,-110.5263157895,-0.0812,-110.5263157895,,,,,,,,,,,,,,,,,,,,,,,,,,,,,,,,,,,,,,,,,,,,,,,,,,,-5526032.72,-114.0497126118,-5520763.31,-114.0324637773,-5269.41,51.1896877365,,,,,,,,,,,
300405.SZ,300405,科隆股份,10181982,通用,2015-12-31 00:00:00,年报,2015年报,58001001,2016-04-26 00:00:00,2017-04-26 00:00:00,CNY,800424027.46,-29.6378658892,800037027.46,-29.6551894524,387000.0,43.3333333333,,,,,,,,,839538631.75,-23.4991890522,687298718.83,-28.2173632004,,,,,,,,,,,,,,,,,,,2810603.77,27.1558917515,46378012.47,-0.9477788452,38868937.08,13.7633706026,,,36147478.08,-13.1097298515,,,,,28034881.52,85.018502727,,,,,,,987500.0,,,,,,,,,,,,,,,,,,0.0,,-38127104.29,-194.9537839752,5139514.76,-26.4409883816,,,16010.17,-58.154789566,16010.17,442.9550549223,,,0.0,,-33003599.7,-170.0683691828,-4303785.87,-148.2643473426,,,,,,,-28699813.83,-175.1601460255,,,,,,,-28691887.93,-175.109853898,-7925.9,47.2150703342,-32965504.55,-200.9259326571,,,,,-0.4219,-159.4560315671,-0.4219,-159.4560315671,,,,,,,,,,,,,,,,,,,,,,,,,,,,,,,,,,,,,,,,,,,,,,,,,,,-28699813.83,-175.1601460255,-28691887.93,-175.109853898,-7925.9,47.2150703342,,,,,,,,,,,标准无保留意见
300405.SZ,300405,科隆股份,10181982,通用,2016-03-31 00:00:00,一季报,2016一季报,58001001,2016-04-26 00:00:00,2017-04-26 00:00:00,CNY,140005661.37,-13.5558288347,140005661.37,-13.5558288347,,,,,,,,,,,139277201.21,-15.4075371043,119926616.22,-15.4522641396,,,,,,,,,,,,,,,,,,,348226.56,-8.3558726391,6461622.76,-11.1044477897,6874113.44,-8.4469823293,,,8469487.2,6.986187372,,,,,-2802864.97,-924.9691177981,,,,,,,,,,,,,,,,,,,,,,,,,0.0,,728460.16,127.1394126839,1039272.1,714.9427964274,,,4264.83,,,,,,0.0,,1763467.43,168.9766732541,382799.4,-32.0649537437,,,,,,,1380668.03,144.2508651201,,,,,,,1384503.8,144.4139796141,-3835.77,-35.9031047714,365510.12,111.275840391,,,,,0.0204,144.5414847162,0.0204,144.5414847162,,,,,,,,,,,,,,,,,,,,,,,,,,,,,,,,,,,,,,,,,,,,,,,,,,,1380668.03,144.2508651201,1384503.8,144.4139796141,-3835.77,-35.9031047714,,,,,,,,,,,
300405.SZ,300405,科隆股份,10181982,通用,2016-06-30 00:00:00,中报,2016中报,58001001,2016-08-26 00:00:00,2017-08-24 00:00:00,CNY,297750577.21,-22.8747620333,297319946.11,-22.9270139457,430631.1,44.9936363636,,,,,,,,,293962522.44,-23.3598313413,249558931.91,-23.1937536733,,,,,,,,,,,,,,,,,,,765109.65,-16.8393235239,14361909.82,-19.4551080854,15817855.31,-11.0113388647,,,13958319.54,-20.832604527,,,,,-499603.79,-111.1410875551,,,,,,,,,,,,,,,,,,,,,,,,,0.0,,3788054.77,51.570729204,1195772.1,-1.8966974375,,,4264.83,,4264.83,,,,0.0,,4979562.04,33.9279522263,704402.47,-57.929351708,,,,,,,4275159.57,109.1813171956,,,,,,,4262017.43,108.1844632043,13142.14,478.3620225541,3272711.26,215.3815202233,,,,,0.0627,108.3056478405,0.0627,108.3056478405,,,,,,,,,,,,,,,,,,,,,,,,,,,,,,,,,,,,,,,,,,,,,,,,,,,4275159.57,109.1813171956,4262017.43,108.1844632043,13142.14,478.3620225541,,,,,,,,,,,
300405.SZ,300405,科隆股份,10181982,通用,2016-09-30 00:00:00,三季报,2016三季报,58001001,2016-10-26 00:00:00,2017-10-26 00:00:00,CNY,506459112.36,-16.7078893987,505926539.49,-16.7856226739,532572.87,639.6845416667,,,,,,,,,502239243.11,-18.3256439745,425257703.55,-18.5985770297,,,,,,,,,,,,,,,,,,,1113951.76,-45.6751422138,24501779.64,-18.7099617394,26493954.24,-5.1251141263,,,21668772.75,-16.6758942349,,,,,3203081.17,-49.843490288,,,,,,,,,,,,,,,,,,,,,,,,,0.0,,4219869.25,161.3602102309,3545645.38,173.3431453242,,,4264.83,,4264.83,,,,0.0,,7761249.8,239.0888239075,2410268.54,4560.6145523828,,,,,,,5350981.26,196.8322398931,,,,,,,5338394.03,196.6966654834,12587.23,338.8736120363,2351695.56,135.5856757623,,,,,0.0784,196.5517241379,0.0784,196.5517241379,,,,,,,,,,,,,,,,,,,,,,,,,,,,,,,,,,,,,,,,,,,,,,,,,,,5350981.26,196.8322398931,5338394.03,196.6966654834,12587.23,338.8736120363,,,,,,,,,,,
300405.SZ,300405,科隆股份,10181982,通用,2016-12-31 00:00:00,年报,2016年报,58001001,2017-04-26 00:00:00,2018-05-07 00:00:00,CNY,777324335.03,-2.8859319108,776694917.49,-2.9176287058,629417.54,62.6401912145,,,,,,,,,762305951.24,-9.1994194894,636856465.75,-7.3392037113,,,,,,,,,,,0.0,,,,,,,,6692404.5,138.1126991799,44550015.11,-3.9415172463,38748623.77,-0.3095358892,,,27682444.19,-23.4180483387,,,,,7775997.92,-72.2631325749,,,0.0,,,,404250.0,-59.0632911392,,,,,,,25029.6,,,,,,,,,,0.0,,15447663.39,140.5162250784,4338423.67,-15.5869012428,25029.6,,163549.35,921.5341248719,4264.83,-73.3617444412,0.0,,0.0,,19622537.71,159.4557499435,3914352.09,190.9513671971,,,,,,,15708185.62,154.7327091146,,,15708185.62,,,,15732516.23,154.8326281923,-24330.61,-206.9759901084,12162597.89,136.8949241215,,,,,0.2013,147.7127281346,0.2013,147.7127281346,,,,,,,,,,,,,,,,,,,,,,,,,,,,,,,,,,,,,,,,,,,,,,,,,,,15708185.62,154.7327091146,15732516.23,154.8326281923,-24330.61,-206.9759901084,,,,,,,,,,,标准无保留意见
300405.SZ,300405,科隆股份,10181982,通用,2017-03-31 00:00:00,一季报,2017一季报,58001001,2017-04-26 00:00:00,2018-04-25 00:00:00,CNY,150651193.3,7.6036438997,150651193.3,7.6036438997,,,,,,,,,,,148046755.51,6.2964751042,114158165.91,-4.8099833814,,,,,,,,,,,0.0,,,,,,,,1620207.13,365.2738521726,10538843.38,63.0990197267,16777726.42,144.0711310112,,,6380574.28,-24.6639834346,,,,,-1428761.61,49.0249574884,,,0.0,,,,361.68,,,,,,,,,,,,,,,,,,0.0,,2604799.47,257.5761054661,280928.84,-72.9686922222,,,187055.56,4286.0027246104,,,0.0,,0.0,,2698672.75,53.0321855732,577280.26,50.8049019931,,,,,,,2121392.49,53.6497147689,,,2121392.49,,,,2122389.43,53.2960350127,-996.94,74.0093905526,2042597.14,458.8346336348,,,,,0.0271,32.8431372549,0.0271,32.8431372549,,,,,,,,,,,,,,,,,,,,,,,,,,,,,,,,,,,,,,,,,,,,,,,,,,,2121392.49,53.6497147689,2122389.43,53.2960350127,-996.94,74.0093905526,,,,,,,,,,,
300405.SZ,300405,科隆股份,10181982,通用,2017-06-30 00:00:00,中报,2017中报,58001001,2017-08-24 00:00:00,2018-08-24 00:00:00,CNY,448604308.91,50.6644632274,448211105.0,50.7504326111,393203.91,-8.6912417612,,,,,,,,,433405100.19,47.4354950395,364903704.64,46.2194527951,,,,,,,,,,,0.0,,,,,,,,2905858.13,279.7962984783,25317971.76,76.2855503016,30427525.09,92.3618878393,,,15096395.06,8.1533849167,,,,,-5246354.49,-950.1030206356,,,0.0,,,,408682.77,,,,,,,,,,,,,,,,,,0.0,,15607891.49,312.0291927564,873908.74,-26.9167812161,,,186510.4,4273.2200345618,,,0.0,,0.0,,16295289.83,227.2434342439,1862735.49,164.4419304776,,,,,,,14432554.34,237.5910092638,,,14432554.34,,,,14303733.61,235.6094583123,128820.73,880.2112136988,6201787.17,89.499979598,,,,,0.122,94.5773524721,0.122,94.5773524721,,,,,,,,,,,,,,,,,,,,,,,,,,,,,,,,,,,,,,,,,,,,,,,,,,,14432554.34,237.5910092638,14303733.61,235.6094583123,128820.73,880.2112136988,,,,,,,,,,,
300405.SZ,300405,科隆股份,10181982,通用,2017-09-30 00:00:00,三季报,2017三季报,58001001,2017-10-26 00:00:00,2018-10-27 00:00:00,CNY,789601855.26,55.9063379432,789010107.62,55.9534924607,591747.64,11.1111123629,,,,,,,,,773083825.42,53.9274033293,653968124.65,53.7816056454,,,,,17245832.81,,,,,,0.0,,,,,,,,4769948.09,328.2005973041,46269333.51,88.8407054093,28883565.55,9.0194588862,,,24784567.08,14.3791915027,22863948.38,,766959.32,,-2837546.27,-188.5880225758,,,0.0,,,,988153.62,,,,,,,,,,,,,,,,,,0.0,,17506183.46,314.8513241257,1608809.68,-54.6257589923,,,186587.4,4275.0254992579,,,0.0,,0.0,,18928405.74,143.8834753135,1032777.95,-57.1509177148,,,,,,,17895627.79,234.4363756938,,,,,,,17796892.08,233.3753930487,98735.71,684.4117411059,9070345.3,285.6938565636,,,,,0.1518,93.6224489796,0.1518,93.6224489796,,,,,,,,,,,,,,,,,,,,,,,,,,,,,,,,,,,,,,,,,,,,,,,,,,,17895627.79,234.4363756938,17796892.08,233.3753930487,98735.71,684.4117411059,,,,,,,,,,,
300405.SZ,300405,科隆股份,10181982,通用,2017-12-31 00:00:00,年报,2017年报,58001001,2018-04-25 00:00:00,2019-05-10 00:00:00,CNY,1127692887.17,45.0736631224,1126881722.03,45.0867897619,811165.14,28.8755219627,,,,,,,,,1108828586.04,45.4571598498,920836542.09,44.5909073099,,,,,25500124.85,,,,,,0.0,,,,,,,,6727657.18,0.5267565641,67508007.49,51.5330742836,41084867.23,6.0292295124,,,32886103.07,18.7976857978,30637883.55,,1218080.79,,14285284.13,83.7099787959,,,0.0,,-8181260.54,,348312.47,-13.8373605442,-582000.16,,,,,,9544.67,-61.8664700994,,,,,3770807.99,,,,0.0,,14811705.72,-4.1168534939,13872822.94,219.7664404224,,,219175.07,34.0115812139,,,0.0,,0.0,,28465353.59,45.0645885394,5858676.49,49.6716788704,,,,,,,22606677.1,43.9165391019,,,22606677.1,43.9165391019,,,22813319.64,45.0074438601,-206642.54,-749.3109708306,6103150.12,-49.8203412199,,,,,0.1796,-10.7799304521,0.1796,-10.7799304521,,,,,,,,,,,,,,,,,,,,,,,,,,,,,,,,,,,,,,,,,,,,,,,,,,,22606677.1,43.9165391019,22813319.64,45.0074438601,-206642.54,-749.3109708306,,,,,,,,,,,标准无保留意见
300405.SZ,300405,科隆股份,10181982,通用,2018-03-31 00:00:00,一季报,2018一季报,58001001,2018-04-25 00:00:00,2019-05-10 00:00:00,CNY,203719635.83,35.2260352989,203498470.76,35.0792292463,221165.07,,,,,,,,,,201916045.47,36.3866737737,172152597.71,50.8018251149,,,,,1789972.84,,,,,,0.0,,,,,,,,1311404.98,-19.0594242108,11464563.69,8.7838890533,9295986.83,-44.5932863769,,,10578078.91,65.785687084,8296776.53,,249492.38,,-4676559.49,-227.3155897575,,,0.0,,,,625995.61,172979.962950675,,,,,,,-617249.09,,,,,,604670.63,,,,0.0,,2417007.51,-7.2094593907,,,,,,,,,0.0,,0.0,,2417007.51,-10.4371765713,417984.43,-27.5941931567,,,,,,,1999023.08,-5.7683531255,,,1999023.08,-5.7683531255,,,2188758.59,3.127096237,-189735.51,-18931.7882721127,2199450.28,7.6791030854,,,,,0.0187,-30.9963099631,0.0187,-30.9963099631,,,,,,,,,,,,,,,,,,,,,,,,,,,,,,,,,,,,,,,,,,,,,,,,,,,1999023.08,-5.7683531255,2188758.59,3.127096237,-189735.51,-18931.7882721127,,,,,,,,,,,
300405.SZ,300405,科隆股份,10181982,通用,2018-06-30 00:00:00,中报,2018中报,58001001,2018-08-24 00:00:00,2019-08-27 00:00:00,CNY,521707197.73,16.295627877,521260013.23,16.2978800425,447184.5,13.7283960376,,,,,,,,,514211078.29,18.6444455925,440401911.61,20.6898987349,,,,,4508475.99,,,,,,0.0,,,,,,,,3034019.31,4.4104417444,28410901.67,12.2163415747,19535864.83,-35.7954195347,,,18319904.88,21.3528448824,18575881.63,,711185.85,,2446710.54,146.6363937981,,,0.0,,-2317922.29,,2335439.73,471.4553931403,,,,,,,,,,,-2446710.54,,1536741.26,,,,0.0,,6603667.6,-57.6902004718,79345.23,-90.9206503645,,,94089.2,-49.5528399489,,,0.0,,0.0,,6588923.63,-59.5654713801,1443485.54,-22.5072186712,,,,,,,5145438.09,-64.3483892817,,,5145438.09,-64.3483892817,,,5238621.71,-63.375844008,-93183.62,-172.3358887968,5807850.51,-6.3519861163,,,,,0.0344,-71.8032786885,0.0344,-71.8032786885,,,,,,,,,,,,,,,,,,,,,,,,,,,,,,,,,,,,,,,,,,,,,,,,,,,5145438.09,-64.3483892817,5238621.71,-63.375844008,-93183.62,-172.3358887968,,,,,,,,,,,
300405.SZ,300405,科隆股份,10181982,通用,2018-09-30 00:00:00,三季报,2018三季报,58001001,2018-10-27 00:00:00,2019-10-29 00:00:00,CNY,882033093.89,11.7060564149,881359889.96,11.7045119509,673203.93,13.7653764027,,,,,,,,,856559143.46,10.7977059273,742753941.26,13.576474642,,,,,6879978.71,-60.1064281105,,,,,0.0,,,,,,,,5863744.05,22.9309824627,46051201.77,-0.4714391227,30264722.18,4.7818079371,,,24745555.49,-0.1574027494,28065418.09,22.7496564616,1252545.14,63.313112878,14477416.18,610.2089905304,,,0.0,,-1819612.25,,1792008.32,81.3491630987,1731504.26,,,,,,8458.74,,,,-14477416.18,,2262123.89,,,,0.0,,13239512.95,-24.3723625983,125348.56,-92.2086147567,,,94089.2,-49.5736582427,,,0.0,,0.0,,13270772.31,-29.8896457933,2939922.3,184.6616061081,,,,,,,10330850.01,-42.2716535501,,,10330850.01,,,,10471066.14,-41.1635127474,-140216.13,-242.0115680537,9960673.6,9.81581484,,,,,0.0687,-54.743083004,0.0687,-54.743083004,,,,,,,,,,,,,,,,,,,,,,,,,,,,,,,,,,,,,,,,,,,,,,,,,,,10330850.01,-42.2716535501,10471066.14,-41.1635127474,-140216.13,-242.0115680537,,,,,,,,,,,
300405.SZ,300405,科隆股份,10181982,通用,2018-12-31 00:00:00,年报,2018年报,58001001,2019-04-25 00:00:00,2020-04-25 00:00:00,CNY,1195803521.79,6.0398212488,1194904298.43,6.0363545765,899223.36,10.8557697635,,,,,,,,,1176143090.6,6.0707764399,1009098207.31,9.5849438185,,,,,12492479.96,-51.0101223681,,,,,,,,,,,,,8773235.48,30.4055073746,66598207.95,-1.3476912945,43093005.68,4.8877812815,,,36087954.22,9.7361829195,40029254.92,30.6528071845,1777457.1,45.9227593598,155315081.65,987.238309274,,,,,-56262282.87,-587.6969947959,99134.46,-71.5386417259,38630.4,106.6375239484,,,,,37170.75,289.4398653908,-155315081.65,,,,2917806.58,-22.6211839018,,,0.0,,-188862821.54,-1375.0916410997,84513636.45,509.2028768443,,,617471.78,181.725371412,,,,,0.0,,-104966656.87,-468.752337954,-3380536.49,-157.7013681464,,,,,,,-101586120.38,-549.3633448677,,,-101586120.38,-549.3633448677,,,-100490834.23,-540.4919398657,-1095286.15,-430.0390471391,-132109245.23,-2264.6074999381,,,,,-0.66,-467.4832962138,-0.66,-467.4832962138,,,,,,,,,,,,,,,,,,,,,,,,,,,,,,,,,,,,,,,,,,,,,,,,,,,-101586120.38,-549.3633448677,-100490834.23,-540.4919398657,-1095286.15,-430.0390471391,,,,,,,,,,,标准无保留意见
300405.SZ,300405,科隆股份,10181982,通用,2019-03-31 00:00:00,一季报,2019一季报,58001001,2019-04-25 00:00:00,2020-04-25 00:00:00,CNY,196742409.28,-3.4249160723,196506249.28,-3.4360068918,236160.0,6.7799720815,,,,,,,,,199649817.7,-1.1223614075,162446112.18,-5.6383032607,,,,,1580313.28,-11.7130023045,,,,,,,,,,,,,1523641.47,16.1839014825,12662447.09,10.4485738175,11106012.72,19.4710461955,,,10331290.96,-2.3330129421,9336514.27,12.5318277073,631962.84,153.2994554784,-6325813.11,-35.2663881113,,,,,5794488.97,,-102580.33,-116.386749102,,,,,,,-59976.22,90.2833036173,6325813.11,,,,670470.63,10.8819573393,,,0.0,,9720807.74,302.1835968561,315217.12,,,,,,,,,,0.0,,10036024.86,315.2252245174,2212503.94,429.3268794725,,,,,,,7823520.92,291.367213229,,,7823520.92,291.367213229,,,8017565.35,266.3065167,-194044.43,-2.2710140026,2305394.93,4.8168695134,,,,,0.0527,181.8181818182,0.0527,181.8181818182,,,,,,,,,,,,,,,,,,,,,,,,,,,,,,,,,,,,,,,,,,,,,,,,,,,7823520.92,291.367213229,8017565.35,266.3065167,-194044.43,-2.2710140026,,,,,,,,,,,
300405.SZ,300405,科隆股份,10181982,通用,2019-06-30 00:00:00,中报,2019中报,58001001,2019-08-27 00:00:00,2020-08-28 00:00:00,CNY,382270749.45,-26.7269550596,381805307.88,-26.7533863735,465441.57,4.0826705756,,,,,,,,,388117546.78,-24.5217454142,313209075.0,-28.8810818611,,,,,3396420.3,-24.6658891489,,,,,,,,,,,,,2836789.64,-6.5006069457,25600919.2,-9.8905078855,23804765.49,21.8516082966,,,19269577.15,5.1838275156,19456726.85,4.7418757158,976526.99,37.3096765072,,,,,,,18416878.94,894.5425530206,-542758.46,-123.2400970587,,,,,,,-59976.22,,,,-3144665.72,-28.5262669445,1135853.37,-26.0868827066,,,0.0,,9958534.58,50.8030867574,1223005.39,1441.3722916929,,,106442.38,13.1292220574,,,,,0.0,,11075097.59,68.0865982355,-268304.91,-118.5872946119,,,,,,,11343402.5,120.4555239338,,,11343402.5,120.4555239338,,,11665348.93,122.6797347808,-321946.43,-245.4968051252,-7420187.59,-227.7613391947,,,,,0.0512,48.8372093023,0.0512,48.8372093023,,,,,,,,,,,,,,,,,,,,,,,,,,,,,,,,,,,,,,,,,,,,,,,,,,,11343402.5,120.4555239338,11665348.93,122.6797347808,-321946.43,-245.4968051252,,,,,,,,,,,
300405.SZ,300405,科隆股份,10181982,通用,2019-09-30 00:00:00,三季报,2019三季报,58001001,2019-10-29 00:00:00,2020-10-28 00:00:00,CNY,656972574.67,-25.5161082707,656284729.96,-25.5372592472,687844.71,2.1747912256,,,,,,,,,654469170.87,-23.5932304422,538397977.27,-27.5132789795,,,,,4968875.79,-27.7777446785,,,,,,,,,,,,,5169815.42,-11.834224415,42381015.9,-7.969793901,37426628.61,23.6642067533,,,26124857.88,5.5739398962,27248331.94,-2.9113628287,1503595.49,20.0432177638,,,,,,,12382490.75,780.5016151106,-962448.25,-153.7078003075,-1053493.12,-160.8426525038,,,,,-52987.95,-726.4284042304,,,-7462329.48,48.4553777606,1785368.37,-21.0755707107,,,0.0,,8193497.24,-38.1133031786,2858081.39,2180.1070790123,,,979083.85,940.5911092878,,,,,0.0,,10072494.78,-24.1001612814,250213.14,-91.4891240493,,,,,,,9822281.64,-4.9228124453,,,9822281.64,-4.9228124453,,,10188757.85,-2.6960797136,-366476.21,-161.365229521,-8358834.69,-183.9183676293,,,,,0.0447,-34.9344978166,0.0447,-34.9344978166,,,,,,,,,,,,,,,,,,,,,,,,,,,,,,,,,,,,,,,,,,,,,,,,,,,9822281.64,-4.9228124453,10188757.85,-2.6960797136,-366476.21,-161.365229521,,,,,,,,,,,
300405.SZ,300405,科隆股份,10181982,通用,2019-12-31 00:00:00,年报,2019年报,58001001,2020-04-25 00:00:00,2021-04-27 00:00:00,CNY,944670052.73,-21.0012317646,943752926.45,-21.018534481,917126.28,1.9909313744,,,,,,,,,945120381.66,-19.642398173,778391468.4,-22.8626646286,,,,,13357271.82,6.9224994778,,,,,,,,,,,,,7593375.51,-13.4484019344,61348772.48,-7.8822473331,50465889.85,17.1092362987,,,33963603.6,-5.8865919832,35839116.54,-10.467690164,1953915.67,9.9275853127,,,,,,,-24159706.86,57.0587867616,-3760003.83,-3892.8323107827,-1399479.24,-3722.7407430417,,,,,55798.71,50.1145658885,-81024.66,99.947832072,-12309999.88,,2615915.4,-10.3465110426,,,0.0,,-38089350.05,79.8322667535,45787125.47,-45.8227957129,,,1277548.83,106.8999541971,,,,,0.0,,6420226.59,106.1164438132,-3148533.24,6.8629121646,,,,,,,9568759.83,109.4193574813,,,9568759.83,109.4193574813,,,10775985.5,110.7233516196,-1207225.67,-10.2201164508,-16552798.85,87.4703705852,,,,,0.0475,107.196969697,0.0475,107.196969697,,,,,,,,,,,,,,,,,,,,,,,,,,,,,,,,,,,,,,,,,,,,,,,,,,,9568759.83,109.4193574813,10775985.5,110.7233516196,-1207225.67,-10.2201164508,,,,,,,,,-2466303.0,,标准无保留意见
300405.SZ,300405,科隆股份,10181982,通用,2020-03-31 00:00:00,一季报,2020一季报,58001001,2020-04-25 00:00:00,2021-04-27 00:00:00,CNY,116093965.74,-40.9918958679,115962032.63,-40.9881196884,131933.11,-44.1340150745,,,,,,,,,126776595.76,-36.5005201505,96477041.36,-40.6098181943,,,,,1510424.63,-4.4224554007,,,,,,,,,,,,,848321.19,-44.3227815268,7717817.41,-39.0495584689,11781729.0,6.0842383044,,,8441262.17,-18.2942170278,10155812.43,8.7752038535,719450.28,13.8437633453,,,,,,,-2472378.85,-142.6677635043,-283524.12,-176.3922869033,-322044.26,,,,,,66999.07,211.7093908219,,,-288925.47,,704867.28,5.1302247199,,,0.0,,-12955592.11,-233.2769092499,182173.27,-42.2070508099,,,377386.2,,,,,,0.0,,-13150805.04,-231.0359950623,-761571.17,-134.4212345222,,,,,,,-12389233.87,-258.3588002983,,,-12389233.87,-258.3588002983,,,-12169821.04,-251.7894835743,-219412.83,-13.0735007441,-10591187.45,-559.408811574,,,,,-0.0547,-203.7950664137,-0.0547,-203.7950664137,,,,,,,,,,,,,,,,,,,,,,,,,,,,,,,,,,,,,,,,,,,,,,,,,,,-12389233.87,-258.3588002983,-12169821.04,-251.7894835743,-219412.83,-13.0735007441,,,,,,,,,,,
300405.SZ,300405,科隆股份,10181982,通用,2020-06-30 00:00:00,中报,2020中报,58001001,2020-08-28 00:00:00,2021-08-27 00:00:00,CNY,428523840.35,12.0995631935,428267674.52,12.1691253843,256165.83,-44.9628381926,,,,,,,,,429953130.91,10.7791014545,362226247.72,15.6499848288,,,,,5444566.79,60.3030929358,,,,,,,,,,,,,2780604.19,-1.9805998022,23419555.18,-8.5206472586,22550168.24,-5.2703617287,,,13531988.79,-29.7753724191,12300840.13,-36.7784714005,1213273.62,24.2437364686,,,,,,,-3490417.2,-118.9522731369,-4066398.33,-649.2095710493,-644347.06,,,,,,95200.91,258.7310937568,,,-6981105.81,-121.998343595,2506030.47,120.6297517082,,,0.0,,-13365980.52,-234.2163388863,392261.51,-67.9264283537,,,762106.32,615.9801575275,,,,,0.0,,-13735825.33,-224.0244180097,-3231781.72,-1104.5182922668,,,,,,,-10504043.61,-192.6004663063,,,-10504043.61,-192.6004663063,,,-10159162.47,-187.0883719892,-344881.14,-7.1237659011,-9125442.52,-22.9812913665,,,,,-0.0457,-189.2578125,-0.0457,-189.2578125,,,,,,,,,,,,,,,,,,,,,,,,,,,,,,,,,,,,,,,,,,,,,,,,,,,-10504043.61,-192.6004663063,-10159162.47,-187.0883719892,-344881.14,-7.1237659011,,,,,,,,,,,
300405.SZ,300405,科隆股份,10181982,通用,2020-09-30 00:00:00,三季报,2020三季报,58001001,2020-10-28 00:00:00,2021-10-28 00:00:00,CNY,702283605.02,6.8969439665,701915062.9,6.9528256345,368542.12,-46.4207379017,,,,,,,,,689820738.51,5.4015634675,580262285.63,7.775717987,,,,,9602092.18,93.244761709,,,,,,,,,,,,,4697660.14,-9.1329233569,39034265.75,-7.8968143612,33222602.63,-11.2327135415,,,23001832.19,-11.9542303516,23058243.74,-15.3774117595,1842408.15,22.5334980221,,,,,,,10616685.65,-14.2605000533,-5871050.73,-510.0120946763,-997112.55,5.3517739157,,,,,95200.91,279.6652069008,,,-8409961.75,-12.6988800553,3778862.58,111.6573052092,,,0.0,,12672603.17,54.6665947251,420267.73,-85.295459693,,,763276.32,-22.0417822232,,,,,0.0,,12329594.58,22.4085477262,-3477102.68,-1489.6563066192,,,,,,,15806697.26,60.9269397818,,,15806697.26,60.9269397818,,,16497625.56,61.9198905586,-690928.3,-88.5329200496,580001.4,106.9387829944,,,,,0.0742,65.9955257271,0.0742,65.9955257271,,,,,,,,,,,,,,,,,,,,,,,,,,,,,,,,,,,,,,,,,,,,,,,,,,,15806697.26,60.9269397818,16497625.56,61.9198905586,-690928.3,-88.5329200496,,,,,,,,,,,
300405.SZ,300405,科隆股份,10181982,通用,2020-12-31 00:00:00,年报,2020年报,58001001,2021-04-27 00:00:00,2022-04-23 00:00:00,CNY,929298264.25,-1.6272124257,928804730.28,-1.5839099145,493533.97,-46.186912232,,,,,,,,,972755457.03,2.9239741208,808001344.17,3.8039825682,,,,,22006208.34,64.7507712395,,,,,,,,,,,,,6655010.3,-12.3576821502,39951676.83,-34.8777893755,59295351.21,17.4958994803,,,36845866.18,8.486327346,34209128.91,-4.5480686673,2596587.43,32.8914788835,,,,,,,-235076.09,99.026991133,-5010304.11,-33.2526331496,-1330176.8,4.9520162943,,,,,347954.25,523.5883410208,-28777042.43,-35416.4001058443,-14125737.52,-14.7501028245,5167752.41,97.5504410426,,,0.0,,-86089646.27,-126.0202554178,12805296.03,-72.0329767406,,,1832740.51,43.4575702285,,,,,0.0,,-75117090.75,-1270.0068478424,-13523796.14,-329.5268656589,,,,,,,-61593294.61,-743.6915097074,,,-61593294.61,-743.6915097074,,,-60737320.22,-663.6358755308,-855974.39,29.0957431348,-80156077.48,-384.2448591707,,,,,-0.273,-674.7368421053,-0.273,-674.7368421053,,,,,,,,,,,,,,,,,,,,,,,,,,,,,,,,,,,,,,,,,,,,,,,,,,,-61593294.61,-743.6915097074,-60737320.22,-663.6358755308,-855974.39,29.0957431348,,,,,,,,,,,标准无保留意见
300405.SZ,300405,科隆股份,10181982,通用,2021-03-31 00:00:00,一季报,2021一季报,58001001,2021-04-27 00:00:00,2022-04-23 00:00:00,CNY,180748682.74,55.6917119575,180625415.35,55.7625468039,123267.39,-6.5682678139,,,,,,,,,178466517.58,40.7724481874,155264326.44,60.9339634086,,,,,1485390.28,-1.6574378822,,,,,,,,,,,,,1209898.85,42.622731138,2386784.54,-69.0743585498,10311980.97,-12.474807645,,,7808136.5,-7.5003673295,8293960.05,-18.3328748225,561792.12,-21.9136977749,,,,,,,-7032589.83,-184.4462866199,-878283.16,-209.7737010876,-328715.81,-2.0716251859,,,,,100169.31,49.5085081032,,,1840557.71,737.0354645438,1434328.06,103.4890965573,,,0.0,,-2253652.75,82.6047877174,624455.31,242.7809743987,,,99854.07,-73.5406143627,,,,,0.0,,-1729051.51,86.8521242255,-231309.45,69.6273363394,,,,,,,-1497742.06,87.9109388384,,,-1497742.06,87.9109388384,,,-1421467.96,88.319729967,-76274.1,65.2371741434,3854553.03,136.3939647768,,,,,-0.0064,88.2998171846,-0.0064,88.2998171846,,,,,,,,,,,,,,,,,,,,,,,,,,,,,,,,,,,,,,,,,,,,,,,,,,,-1497742.06,87.9109388384,-1421467.96,88.319729967,-76274.1,65.2371741434,,,,,,,,,,,
300405.SZ,300405,科隆股份,10181982,通用,2021-06-30 00:00:00,中报,2021中报,58001001,2021-08-27 00:00:00,2022-08-27 00:00:00,CNY,452728586.09,5.6484011999,452498051.03,5.6577645131,230535.06,-10.0055382094,,,,,,,,,444762781.04,3.4444801224,393291794.41,8.5762826094,,,,,3779787.22,-30.576896826,,,,,,,,,,,,,2741372.39,-1.410909188,9393978.65,-59.8883130879,19860685.99,-11.9266615724,,,15695162.38,15.9856294856,16397186.82,33.301357035,1268772.08,4.5742740207,,,,,,,5320954.21,252.4446478776,-2742891.36,32.5474009822,-649921.6,-0.865145563,,,,,-113716.62,-219.4490892997,,,-3651848.4,47.6895423248,2062594.03,-17.6947744773,,,0.0,,8840896.91,166.144768779,132880.87,-66.124417866,,,107651.79,-85.8744394089,,,,,0.0,,8866125.99,164.5474573023,441450.79,113.6596722256,,,,,,,8424675.2,180.2041148418,,,8424675.2,180.2041148418,,,8322171.71,181.917891702,102503.49,129.7213961888,1913909.46,120.9733331376,,,,,0.0288,163.0196936543,0.0288,163.0196936543,,,,,,,,,,,,,,,,,,,,,,,,,,,,,,,,,,,,,,,,,,,,,,,,,,,8424675.2,180.2041148418,8322171.71,181.917891702,102503.49,129.7213961888,,,,,,,,,,,
300405.SZ,300405,科隆股份,10181982,通用,2021-09-30 00:00:00,三季报,2021三季报,58001001,2021-10-28 00:00:00,2022-10-27 00:00:00,CNY,828237519.01,17.9349073636,827882162.09,17.9462025889,355356.92,-3.5776643386,,,,,,,,,812374208.52,17.7659880558,728141648.39,25.4849171525,,,,,6988185.2,-27.2222650127,,,,,,,,,,,,,5914105.39,25.894705316,16340289.87,-58.1386006473,32748431.58,-1.4272543764,,,22241548.09,-3.3053197403,22681118.79,-1.6355319783,2109307.78,14.4864551321,,,,,,,4725602.69,-55.4889082545,-4081931.95,30.4735704438,-872779.1,12.4693496236,,,,,-113716.62,-219.4490892997,,,-10136468.65,-20.5293074014,5167253.51,36.7409743172,,,0.0,,11424049.47,-9.8523853643,908656.6,116.2089865905,,,586159.28,-23.2048388453,,,,,0.0,,11746546.79,-4.7288480267,1181879.77,133.9903614811,,,,,,,10564667.02,-33.1633493941,,,10564667.02,-33.1633493941,,,8733094.8,-47.0645350251,1831572.22,365.0886090496,19581.5899999999,-96.6238719424,,,,,0.0302,-59.2991913747,0.0302,-59.2991913747,,,,,,,,,,,,,,,,,,,,,,,,,,,,,,,,,,,,,,,,,,,,,,,,,,,10564667.02,-33.1633493941,8733094.8,-47.0645350251,1831572.22,365.0886090496,,,,,,,,,,,
300405.SZ,300405,科隆股份,10181982,通用,2021-12-31 00:00:00,年报,2021年报,58001001,2022-04-23 00:00:00,2023-04-27 00:00:00,CNY,1089409600.63,17.2292731558,1088769165.02,17.2226119791,640435.61,29.7652540513,,,,,,,,,1059182758.94,8.8847922965,933637800.15,15.5490404671,,,,,10585987.1,-51.8954517905,,,,,,,,,,,,,8119681.0,22.0085414443,27753519.88,-30.5322777862,48626130.33,-17.9933513543,,,30459640.48,-17.3322718722,31821772.84,-6.9787104965,2379629.48,-8.3555033616,,,,,,,,,-4119284.22,17.7837486595,-872779.1,34.3862334691,,,,,4879.75,-98.5975886198,-659873.45,97.706944862,-24947140.31,-76.6077011885,7153500.93,38.4257673831,,,0.0,,7658924.39,108.8964523864,1007664.3,-92.1308785237,,,624511.32,-65.9247276637,,,,,0.0,,8042077.37,110.7060554259,-7372502.78,45.4849607042,,,,,,,15414580.15,125.026393291,,,15414580.15,125.026393291,,,11924424.26,119.6327796762,3490155.89,507.7406906999,5166326.71,106.4453337444,,,,,0.0412,115.0915750916,0.0412,115.0915750916,,,,,,,,,,,,,,,,,,,,,,,,,,,,,,,,,,,,,,,,,,,,,,,,,,,15414580.15,125.026393291,11924424.26,119.6327796762,3490155.89,507.7406906999,,,,,,,,,,,标准无保留意见
300405.SZ,300405,科隆股份,10181982,通用,2022-03-31 00:00:00,一季报,2022一季报,58001001,2022-04-23 00:00:00,2023-04-27 00:00:00,CNY,174760375.49,-3.3130572014,174436566.68,-3.4263443259,323808.81,162.6881367408,,,,,,,,,177646586.85,-0.4594311253,148291087.04,-4.4912051338,,,,,3845754.71,158.9053369866,,,,,,,,,,,,,1338045.44,10.5915126707,4841568.28,102.848987785,12257814.96,18.8696429489,,,7072316.42,-9.4237604581,7410674.74,-10.649741555,301755.72,-46.2869432914,,,,,,,,,-292842.83,66.6573556984,,,,,,,,,,,1072305.89,-41.7401647243,1092869.33,-23.8061807143,,,0.0,,-1013878.97,55.0117483716,23291.73,-96.2700725533,,,292079.9,192.5067551077,,,,,0.0,,-1282667.14,25.8167190172,14521.6,106.2779968566,,,,,,,-1297188.74,13.3903777797,,,-1297188.74,13.3903777797,,,-2106220.06,-48.1721796951,809031.32,1160.6894345525,-2805769.55,-172.7910480972,,,,,-0.0073,-14.0625,-0.0073,-14.0625,,,,,,,,,,,,,,,,,,,,,,,,,,,,,,,,,,,,,,,,,,,,,,,,,,,-1297188.74,13.3903777797,-2106220.06,-48.1721796951,809031.32,1160.6894345525,,,,,,,,,,,
300405.SZ,300405,科隆股份,10181982,通用,2022-06-30 00:00:00,中报,2022中报,58001001,2022-08-27 00:00:00,2022-08-27 00:00:00,CNY,354898723.45,-21.6089431164,354272879.7,-21.7073136793,625843.75,171.4744343008,,,,,,,,,367411615.66,-17.3915553813,314507905.68,-20.0319177389,,,,,5582721.26,47.6993527694,,,,,,,,,,,,,2773588.2,1.1751708786,10521674.08,12.0044495737,20737362.34,4.4141292523,,,13288364.1,-15.3346503956,14664043.02,-10.5697630882,803348.26,-36.6830124446,,,,,,,,,21096839.27,869.146003289,,,,,,,,,,,-5419213.47,-48.3964523281,2504405.79,21.420199689,,,0.0,,5669139.38,-35.8759700773,142683.63,7.3771040181,,,511338.26,374.9928078298,,,,,0.0,,5300484.75,-40.2164512891,-2942509.03,-766.5542562513,,,,,,,8242993.78,-2.1565391625,,,8242993.78,-2.1565391625,,,7909056.34,-4.9640332403,333937.44,225.7815319264,-15444783.97,-906.9756847328,,,,,0.0273,-5.2083333333,0.0273,-5.2083333333,,,,,,,,,,,,,,,,,,,,,,,,,,,,,,,,,,,,,,,,,,,,,,,,,,,8242993.78,-2.1565391625,7909056.34,-4.9640332403,333937.44,225.7815319264,,,,,,,,,,,
300405.SZ,300405,科隆股份,10181982,通用,2022-09-30 00:00:00,三季报,2022三季报,58001001,2022-10-27 00:00:00,2022-10-27 00:00:00,CNY,685949381.21,-17.179629579,685087605.13,-17.2481741362,861776.08,142.510003745,,,,,,,,,739421256.38,-8.9802151982,657761656.49,-9.6657006306,,,,,7271794.62,4.0584130484,,,,,,,,,,,,,4844224.67,-18.090322195,16210814.09,-0.7923713779,34735567.4,6.0678808851,,,18597199.11,-16.3853206857,23346722.69,2.9346167011,1232217.53,-41.581899916,,,,,,,,,20322931.26,597.8753077939,,,,,,,26571.22,123.3661711015,,,-14252509.85,-40.6062637998,3766984.86,-27.0988959084,,,0.0,,-43607897.68,-481.7201404328,1126617.81,23.9871927415,,,541658.96,-7.5918477312,,,,,0.0,,-43022938.83,-466.2603112144,-11867515.14,-1104.1220301114,,,,,,,-31155423.69,-394.9020885468,,,-31155423.69,-394.9020885468,,,-31326363.18,-458.7086124383,170939.49,-90.6670625306,-56344898.05,-287844.243700335,,,,,-0.1083,-458.6092715232,-0.1083,-458.6092715232,,,,,,,,,,,,,,,,,,,,,,,,,,,,,,,,,,,,,,,,,,,,,,,,,,,-31155423.69,-394.9020885468,-31326363.18,-458.7086124383,170939.49,-90.6670625306,,,,,,,,,,,
300405.SZ,300405,科隆股份,10181982,通用,2022-12-31 00:00:00,年报,2022年报,58001001,2023-04-27 00:00:00,2023-04-27 00:00:00,CNY,781226182.62,-28.2890308505,780248265.23,-28.3366676521,977917.39,52.6956613171,,,,,,,,,864069662.39,-18.4210982385,748122553.91,-19.8701515952,,,,,13086485.67,23.6208352266,,,,,,,,,,,,,5974820.59,-26.4155748237,23947518.68,-13.7135801745,48174877.69,-0.9280044226,,,24763405.85,-18.7009253564,27723645.71,-12.8783746607,2025611.84,-14.8770068187,,,,,,,,,18653498.71,552.8334951843,,,,,,,29369.12,501.8570623495,-24763649.2,-3652.7876292038,-66953990.41,-168.3834282327,4789888.7,-33.0413353284,,,0.0,,-151088362.85,-2072.7099414543,1317951.85,30.7927501252,,,2308796.0,269.6964211954,,,,,0.0,,-152079207.0,-1991.0438186943,-33353036.66,-352.3977495197,,,,,,,-118726170.34,-870.2199423187,,,-118726170.34,-870.2199423187,,,-118753516.11,-1095.8846944783,27345.77,-99.2164885793,-143624255.13,-2880.0072119326,,,,,-0.4106,-1096.6019417476,-0.4106,-1096.6019417476,,,,,,,,,,,,,,,,,,,,,,,,,,,,,,,,,,,,,,,,,,,,,,,,,,,-118726170.34,-870.2199423187,-118753516.11,-1095.8846944783,27345.77,-99.2164885793,,,,,,,,,,,标准无保留意见
300405.SZ,300405,科隆股份,10181982,通用,2023-03-31 00:00:00,一季报,2023一季报,58001001,2023-04-27 00:00:00,2023-04-27 00:00:00,CNY,148622174.15,-14.9565948612,148531576.33,-14.8506651117,90597.82,-72.0211997938,,,,,,,,,158750054.98,-10.6371488499,134544965.17,-9.269688519,,,,,1541214.62,-59.9242610042,,,,,,,,,,,,,1119253.15,-16.3516337681,3695858.15,-23.6640291687,11168911.77,-8.8833384543,,,6679852.12,-5.5493034629,6737888.53,-9.0786093521,569318.84,88.6687814899,,,,,,,,,-66187.41,77.3983163597,,,,,,,,,,,3650245.61,240.4108514223,1309722.94,19.8425927096,,,0.0,,-5234099.69,-416.2450198568,70018.49,200.6152398298,,,14568.2,-95.0122552082,,,,,0.0,,-5178649.4,-303.7407085988,848668.96,5744.1835610401,,,,,,,-6027318.36,-364.6446715225,,,-6027318.36,-364.6446715225,,,-5969724.87,-183.4331029019,-57593.49,-107.118820814,-7121867.94,-153.8293973573,,,,,-0.0206,-182.1917808219,-0.0206,-182.1917808219,,,,,,,,,,,,,,,,,,,,,,,,,,,,,,,,,,,,,,,,,,,,,,,,,,,-6027318.36,-364.6446715225,-5969724.87,-183.4331029019,-57593.49,-107.118820814,,,,,,,,,,,
300405.SZ,300405,科隆股份,10181982,通用,2023-06-30 00:00:00,中报,2023中报,058001001,2023-08-30 00:00:00,2023-08-30 00:00:00,CNY,289012426.4,-18.5648165791,288860194.89,-18.4639266955,152231.51,-75.6757960753,,,,,,,,,314107447.75,-14.5080246889,265612141.93,-15.5467518835,,,,,3175194.82,-43.1246040753,,,,,,,,,,,,,2558865.74,-7.7416849408,7272940.02,-30.8765889848,23324824.73,12.4772974864,,,12163480.51,-8.4651773652,13532839.05,-7.7141342838,1270615.9,58.1650155065,,,,,,,,,-6321000.05,-129.9618344203,,,,,,,-61.07,,,,11438191.18,311.0673669402,1949206.82,-22.1688902101,,,0,,-18028684.47,-418.0144861776,81525.68,-42.8626255163,,,267081.38,-47.7681603563,,,,,0,,-18214240.17,-443.6334793719,-5051774.56,-71.6825507924,,,,,,,-13162465.61,-259.6806446941,,,-13162465.61,-259.6806446941,,,-13133910.94,-266.0616687426,-28554.67,-108.5509040256,-9419565.01,39.0113514809,,,,,-0.0454,-266.3003663004,-0.0454,-266.3003663004,,,,,,,,,,,,,,,,,,,,,,,,,,,,,,,,,,,,,,,,,,,,,,,,,,,-13162465.61,-259.6806446941,-13133910.94,-266.0616687426,-28554.67,-108.5509040256,,,,,,,,,,,
300405.SZ,300405,科隆股份,10181982,通用,2023-09-30 00:00:00,三季报,2023三季报,058001001,2023-10-28 00:00:00,2023-10-28 00:00:00,CNY,424857296.71,-38.0628792229,424657055.84,-38.0141966283,200240.87,-76.76416477,,,,,,,,,468689675.88,-36.6139839995,394523797.33,-40.0202499739,,,,,6048706.87,-16.8196135055,,,,,,,,,,,,,3986706.53,-17.7018655908,12067218.23,-25.560689531,33216570.15,-4.3730313442,,,18846676.77,1.3414797493,20453030.78,-12.3944244699,1664872.74,35.1119181043,,,,,,,,,-7268032.69,-135.7627184633,-668853.68,,,,,,-61.07,-100.2298351374,,,5266361.78,136.9504167015,2733320.11,-27.4401089576,,,0,,-43100791.04,1.1628779808,12426371.71,1002.9802298261,,,502713.87,-7.1899650658,,,,,0,,-31177133.2,27.533697028,-7453594.92,37.1932975684,,,,,,,-23723538.28,23.8542267438,,,-23723538.28,23.8542267438,,,-23624513.43,24.5858407047,-99024.85,-157.9297680132,-30848447.82,45.2506812726,,,,,-0.0817,24.5614035088,-0.0817,24.5614035088,,,,,,,,,,,,,,,,,,,,,,,,,,,,,,,,,,,,,,,,,,,,,,,,,,,-23723538.28,23.8542267438,-23624513.43,24.5858407047,-99024.85,-157.9297680132,,,,,,,,,,,
